param nS :=    10;
param nSG :=    30;
param nRVSG :=
 1 24    4 24    7  2   10  2   13  2   16  2   19  2   22  2   25  2   28  2
 2 24    5  2    8  2   11  2   14  2   17  2   20  2   23  2   26  2   29  2
 3 24    6  2    9  2   12  2   15 12   18  2   21  2   24  2   27  2   30 24
;

param ScenF :=
  1 136.839      37  10.5585     73 353.04      109   0.0734    145   0.3418
  2 147.148      38  12.5393     74 433.794     110   0         146   0
  3 136.955      39  14.0426     75 399.33      111   0.1336    147   0.2606
  4 137.08       40  20.1718     76 384.684     112   0         148   0
  5 138.818      41  22.0359     77 395.553     113   0.2119    149   0.1839
  6 137.863      42  22.9384     78 454.409     114   0         150   0
  7 141.393      43  15.9242     79 467.862     115   0.2713    151   0.1332
  8 158.208      44   0          80 458.909     116   0.0191    152   0
  9 170.557      45   6.89395    81 562.596     117 320.839     153   0.1068
 10 153.571      46  14.2192     82 494.548     118 329.655     154   0
 11 143.891      47  11.1075     83 586.676     119 301.308     155   0.0921
 12 122.747      48  14.1574     84 520.563     120 284.091     156   0
 13 118.982      49 513.225      85 456.186     121 296.607     157   1.91135
 14 123.431      50 534.385      86 425.999     122 440.24      158   4.79698
 15 127.101      51 496.132      87 402.119     123 510.761     159   6.70697
 16 128.226      52 480.232      88 400.316     124 558.79      160   4.70317
 17 155.377      53 496.681      89 383.618     125 583.109     161   0
 18 166.435      54 507.774      90 500.692     126 616.587     162   7.87878
 19 167.331      55 529.087      91 557.176     127 544.389     163   3.36834
 20 169.338      56 573.479      92 540.795     128 498.388     164   5.36453
 21 173.355      57 604.811      93 528.148     129   0.3068    165   5.04286
 22 169.357      58 573.559      94 463.269     130   0.0496    166   2.1494
 23 144.381      59 512.559      95 411.637     131   0.333     167   6.58436
 24 135.645      60 470.726      96 394.536     132   0.082     168   0
 25  24.1251     61 456.448      97   0.0827    133   0.3478    169   0
 26  22.8627     62 473.794      98   0         134   0.0885    170 203.652
 27  28.3155     63 490.106      99   0.1081    135   0.3492    171   4.55325
 28  33.1793     64 473.777     100   0         136   0.0742    172   8.95868
 29  36.9116     65 495.609     101   0.1279    137   0.352     173  22.4678
 30  38.8496     66 567.299     102   0         138   0.0195    174   6.34654
 31  40.5695     67 530.346     103   0.132     139   0.3623    175  20.7798
 32  54.8101     68 546.834     104   0         140   0         176   1.38837
 33  41.8956     69 638.871     105   0.1231    141   0.368     177   0.90179
 34   0          70 611.924     106   0         142   0         178   2.14891
 35  26.0595     71 535.269     107   0.0898    143   0.3714    179   3.94652
 36  14.1152     72 493.241     108   0         144   0         180   5.0275
;

param ScenO :=
  1 141.5        37   8          73 512         109   0.224     145   0.1587
  2 135          38   8.16       74 494.2       110   0         146   0
  3 131          39   8.16       75 502.44      111   0.23      147   0.3423
  4 125          40  11.8        76 496.68      112   0         148   0
  5 124          41  31.2        77 496         113   0.2642    149   0.5649
  6 130.53       42  13.68       78 476.24      114   0         150   0
  7 143.97       43   5.8        79 496         115   0.3441    151   0.5361
  8 150.01       44   8          80 503.52      116   0.0588    152   0
  9 159.83       45   9          81 639.32      117 471.12      153   0.5432
 10 152.03       46  10          82 671.72      118 464.08      154   0
 11 141.5        47   8.84       83 566.12      119 472.52      155   0.5456
 12 119.04       48   9.56       84 482.8       120 445.48      156   0
 13 121.42       49 528.28       85 485.72      121 469.48      157   4.20897
 14 116.02       50 508          86 468         122 595.92      158   4.08667
 15 119.5        51 477.72       87 484.84      123 678.76      159   4.20931
 16 120          52 469.8        88 482.88      124 678.76      160   4.59224
 17 133.53       53 469.8        89 499.92      125 719.28      161   4.61581
 18 147.75       54 474.12       90 591         126 678.76      162   4.40857
 19 162.43       55 537.48       91 650.12      127 637.88      163   4.12246
 20 166.73       56 579.08       92 666.92      128 622.56      164   3.70862
 21 172.72       57 627.72       93 690.88      129   0.3423    165   3.9883
 22 167.21       58 608.12       94 668.84      130   0.1127    166   4.01934
 23 155.65       59 565.96       95 614.16      131   0.2019    167   4.04332
 24 146.13       60 476.6        96 587.36      132   0.1551    168   4.60459
 25   9.32       61 488.4        97   0.0753    133   0.0893    169   4.49885
 26  10.56       62 464.52       98   0         134   0.173     170   4.68074
 27  12.12       63 478.44       99   0.1161    135   0.0616    171   5.23674
 28  12.4        64 480.28      100   0         136   0.1551    172   4.81367
 29  13.68       65 534.08      101   0.1723    137   0.0893    173   3.67086
 30  12.12       66 591         102   0         138   0.0376    174   3.60677
 31  10.56       67 661.72      103   0.2121    139   0.1099    175   3.79838
 32   8.52       68 682.12      104   0         140   0         176   4.00306
 33   8.2        69 704.52      105   0.23      141   0.0977    177   3.76633
 34  16          70 680.84      106   0         142   0         178   3.97034
 35  11.64       71 624.44      107   0.2077    143   0.0799    179   3.86232
 36  16.72       72 585.16      108   0         144   0         180   3.98351
;

param Scen0 (tr)
 :     1     2     3     4     5     6     7     8     9    10    11    12    13    14    15    16    17    18    19    20    21    22    23    24    25    26    27    28    29    30    31    32    33    34    35    36    37    38    39    40    41    42    43    44    45    46    47    48    49    50    51    52    53    54    55    56    57    58    59    60    61    62    63    64    65    66    67    68    69    70    71    72    73    74    75    76    77    78    79    80    81    82    83    84    85    86    87    88    89    90    91    92    93    94    95    96    97    98    99   100   101   102   103   104   105   106   107   108   109   110   111   112   113   114   115   116   117   118   119   120   121   122   123   124   125   126   127   128   129   130   131   132   133   134   135   136   137   138   139   140   141   142   143   144   145   146   147   148   149   150   151   152   153   154   155   156   157   158   159   160   161   162   163   164   165   166   167   168   169   170   171   172   173   174   175   176   177   178   179   180 :=
    1 146.815611 145.546507 142.517075 140.01615 137.39381 136.612848 147.794451 157.635946 168.182772 158.578878 148.317625 141.540951 141.184202 139.644536 136.701983 139.943381 164.375414 161.966446 164.099882 173.371736 169.721548 152.211611 141.368151 124.040285 28.503432 37.153548 43.687226 48.144035 52.279694 43.590762 73.822387 248.5609 69.377756 60.600499 28.920902 25.399285 30.546351 28.181375 33.201793 43.132664 36.416391 60.955203 8.9657 7.715688 0.0 27.25834 41.974426 44.482018 574.906763 561.353086 553.022101 551.435538 577.678832 582.534177 572.102774 649.414709 659.037142 621.786815 619.940363 610.244645 609.974314 610.08209 589.216674 583.943392 633.148983 476.993155 505.015973 582.72872 612.159547 544.678635 500.485501 456.991752 450.531327 454.010894 430.842561 432.954672 474.891596 499.312043 475.688617 482.602858 522.968361 506.944214 649.877786 602.712218 509.136161 520.946706 458.545996 483.868293 459.881891 509.652256 533.309942 574.118343 553.579766 465.264558 429.352111 420.870421 0.0736 0.0 0.0646 0.0 0.1411 0.0 0.2153 0.0 0.177 0.0 0.1386 0.0 0.1104 0.0 0.1934 0.0 0.3897 0.0 0.3226 0.0099 588.357438 218.843393 173.096961 141.19763 303.314944 401.771759 463.98929 525.530497 525.959578 542.099705 513.440113 433.92888 0.3545 0.0344 0.4712 0.0827 0.4525 0.026 0.3446 0.0073 0.4606 0.0014 0.2872 0.0 0.1764 0.0 0.1384 0.0 0.2007 0.0 0.0688 0.0 0.0827 0.0 0.0424 0.0 0.0377 0.0 0.0449 0.0 2.000802 4.803789 6.115797 4.309844 1.360627 7.643429 4.003741 5.660679 5.294335 2.414401 5.477571 1.055293 0.0 252.809242 0.530821 0.0 35.283435 6.630535 32.923513 1.873121 1.508444 2.368824 3.779886 4.355382
    2 146.815611 145.546507 142.517075 140.01615 137.39381 136.612848 147.794451 157.635946 168.182772 158.578878 148.317625 141.540951 141.184202 139.644536 136.701983 139.943381 164.375414 161.966446 164.099882 173.371736 169.721548 152.211611 141.368151 124.040285 27.937679 17.484745 17.380582 24.248263 30.806975 33.39314 38.447613 49.899426 27.283044 83.81075 44.087526 10.501967 10.61456 18.917222 11.269872 21.485169 0.0 0.0 15.550187 57.158719 24.32606 0.346782 0.750508 0.211958 512.950328 490.986343 487.845629 454.559594 481.775726 476.023029 476.945684 528.384376 570.903816 593.014706 566.845844 529.991334 532.971599 559.908693 561.744574 533.593387 554.011767 585.665377 582.459609 588.461434 674.106646 646.467255 583.699443 534.624869 339.874447 327.41291 320.248401 292.747318 336.100853 366.023542 321.828691 325.597405 458.656751 476.437223 584.30005 508.463609 469.189475 443.581448 440.339601 432.430629 401.706056 507.296165 546.343896 527.46832 488.882938 461.261936 421.448469 383.214225 0.1775 0.0 0.1596 0.0 0.2409 0.0 0.2828 0.0 0.1977 0.0 0.1729 0.0 0.124 0.0 0.2031 0.0 0.3154 0.0 0.4988 0.2747 372.557801 354.915719 328.303962 308.955469 364.299898 463.413802 461.209631 532.356341 530.330182 538.762439 482.62576 476.621078 0.5052 0.2334 0.4352 0.0542 0.29 0.1502 0.248 0.0759 0.2156 0.0009 0.1894 0.0 0.2077 0.0 0.2789 0.0 0.2109 0.0 0.2152 0.0 0.1991 0.0 0.1266 0.0 0.0951 0.0 0.0904 0.0 2.051794 5.777165 5.001844 4.272658 5.92339 6.492896 3.354728 4.962757 5.451227 1.10705 3.253601 257.074668 237.67593 739.547501 11.666455 13.318123 20.800888 5.79235 17.263332 1.681582 1.195301 2.458377 3.970232 4.83264
    3 143.592341 147.683835 140.836809 143.188972 141.818815 141.474634 149.659744 147.627816 149.814981 139.925865 128.907681 112.530821 107.810271 110.140984 116.047539 125.21083 143.659752 163.040925 167.906314 157.618424 148.400289 140.065381 127.110699 126.785681 36.47491 43.089509 47.107 50.41302 55.672815 54.941496 49.043322 46.062152 42.514586 19.25436 16.428624 12.264263 9.34104 8.169294 7.272189 2.914375 8.570115 7.486978 16.976283 18.05854 13.865769 18.54995 11.384072 10.89398 539.497301 541.385502 518.666758 487.488015 501.118693 511.78289 563.453998 554.89239 597.081871 596.731767 432.385698 438.841667 441.055181 463.804649 431.729859 417.54101 487.568335 544.801543 519.580681 566.170101 617.07858 561.546053 536.428448 496.50191 231.405186 282.920455 258.721823 245.118253 271.988514 436.736813 462.856003 493.83845 621.298585 526.158308 561.404684 441.772513 371.499049 330.768095 219.475896 290.120019 367.503686 515.981305 603.540952 609.993577 531.360777 443.01663 390.162099 310.696257 0.0655 0.0 0.0512 0.0 0.017 0.0 0.0218 0.0 0.0187 0.0 0.0073 0.0 0.006 0.0 0.018 0.0 0.024 0.0 0.0795 0.0031 247.742158 229.179537 206.908922 179.791535 192.3843 372.047355 503.061122 555.79548 531.928614 518.375846 489.078922 400.056811 0.1777 0.4462 0.1602 0.7412 0.1596 0.9076 0.1864 0.9168 0.2838 0.1952 0.1416 0.0001 0.1469 0.0 0.1129 0.0 0.0757 0.0 0.0443 0.0001 0.0264 0.0 0.0082 0.0 0.0054 0.0 0.0049 0.0 2.132699 5.312785 7.000679 5.307378 1.445721 6.788711 3.078074 5.237615 5.5426 2.222051 4.284865 0.0 0.0 271.267056 2.706943 4.670115 26.50872 4.789041 26.669775 1.968252 1.367496 2.339611 3.961492 4.150389
    4 146.815611 145.546507 142.517075 140.01615 137.39381 136.612848 147.794451 157.635946 168.182772 158.578878 148.317625 141.540951 141.184202 139.644536 136.701983 139.943381 164.375414 161.966446 164.099882 173.371736 169.721548 152.211611 141.368151 124.040285 27.937679 17.484745 17.380582 24.248263 30.806975 33.39314 38.447613 49.899426 27.283044 83.81075 44.087526 10.501967 10.61456 18.917222 11.269872 21.485169 0.0 0.0 15.550187 57.158719 24.32606 0.346782 0.750508 0.211958 512.950328 490.986343 487.845629 454.559594 481.775726 476.023029 476.945684 528.384376 570.903816 593.014706 566.845844 529.991334 532.971599 559.908693 561.744574 533.593387 554.011767 585.665377 582.459609 588.461434 674.106646 646.467255 583.699443 534.624869 339.874447 327.41291 320.248401 292.747318 336.100853 366.023542 321.828691 325.597405 458.656751 476.437223 584.30005 508.463609 469.189475 443.581448 440.339601 432.430629 401.706056 507.296165 546.343896 527.46832 488.882938 461.261936 421.448469 383.214225 0.0575 0.0 0.0993 0.0 0.1056 0.0 0.0652 0.0 0.0673 0.0 0.0421 0.0 0.0353 0.0 0.1124 0.0 0.1838 0.0 0.2449 0.0053 399.28541 429.841211 366.418573 426.463438 466.628447 464.692453 533.203165 573.118496 668.362621 663.978945 631.739299 544.785562 0.3275 0.0206 0.2879 0.165 0.4656 0.0695 0.5499 0.2152 0.4212 0.0377 0.5502 0.0 0.6452 0.0 0.6351 0.0 0.4205 0.0 0.4061 0.0 0.2637 0.0 0.1181 0.0 0.1469 0.0 0.1816 0.0 0.939436 3.081761 4.335915 4.950687 0.0 7.566935 5.500462 5.815931 4.91853 5.146259 5.366234 0.0 0.0 623.870509 41.601103 25.547057 24.355112 2.806617 14.952417 3.715016 2.433871 4.032132 3.905477 3.775448
    5 148.864068 148.595422 143.851424 139.719374 138.264093 138.171487 147.133256 161.031856 169.692878 160.941117 168.557747 105.939802 99.996321 103.241318 110.935862 119.082337 136.715746 164.122144 158.103894 160.528543 161.965021 153.135792 143.058519 138.632971 24.895352 27.963188 31.242712 33.837702 36.091875 35.986025 28.045365 32.871933 27.940525 21.713187 15.249152 9.414148 8.30247 7.126265 5.947067 7.945556 62.189889 0.0 0.0 19.982337 13.751591 5.365546 5.268566 0.0 561.041009 589.495664 548.206298 536.845123 552.698495 587.017464 572.192662 608.307212 612.600178 632.843421 617.212926 463.677059 444.064965 454.452235 468.154856 476.364828 468.239152 535.957177 527.445798 583.51308 614.838401 582.798963 525.899841 511.194124 450.756421 487.989182 463.454756 476.564182 484.672705 529.527905 402.077367 416.487473 479.124881 473.752652 585.590469 503.553058 468.215596 384.531159 399.885634 398.076671 365.903945 491.75176 524.801713 525.854394 510.693926 460.736155 420.05275 391.655255 0.0994 0.0 0.0659 0.0 0.1433 0.0 0.3065 0.0 0.3163 0.0 0.1873 0.0 0.2592 0.0 0.4217 0.0 0.49 0.0 0.6325 0.0013 324.101029 306.549957 288.903671 272.747335 332.421326 456.953237 484.924631 546.552357 529.176243 479.351724 466.812087 511.291213 0.5776 0.0227 0.6048 0.0049 0.7401 0.0048 0.8876 0.0164 0.8307 0.0058 0.84 0.0 0.8912 0.0 0.8874 0.0 0.8085 0.0 0.9286 0.0 0.8923 0.0 0.705 0.0 0.5453 0.0 0.469 0.0 2.420092 4.580524 6.552694 4.688089 0.0 6.677755 3.511914 5.301098 4.939862 2.151609 3.85371 2.149465 0.0 498.386701 19.327995 20.498704 20.865504 2.932166 24.139514 3.222332 3.351156 3.558166 4.009311 4.559815
    6 143.592341 147.683835 140.836809 143.188972 141.818815 141.474634 149.659744 147.627816 149.814981 139.925865 128.907681 112.530821 107.810271 110.140984 116.047539 125.21083 143.659752 163.040925 167.906314 157.618424 148.400289 140.065381 127.110699 126.785681 36.47491 43.089509 47.107 50.41302 55.672815 54.941496 49.043322 46.062152 42.514586 19.25436 16.428624 12.264263 9.34104 8.169294 7.272189 2.914375 8.570115 7.486978 16.976283 18.05854 13.865769 18.54995 11.384072 10.89398 539.497301 541.385502 518.666758 487.488015 501.118693 511.78289 563.453998 554.89239 597.081871 596.731767 432.385698 438.841667 441.055181 463.804649 431.729859 417.54101 487.568335 544.801543 519.580681 566.170101 617.07858 561.546053 536.428448 496.50191 429.472545 444.610265 402.05788 423.089382 455.336245 487.039962 455.893073 458.425367 510.322564 524.946215 578.801806 497.842279 484.797059 435.803563 424.548682 395.149537 442.750709 536.92747 575.065059 526.846601 445.681026 420.952313 364.79542 323.554038 0.0973 0.0 0.131 0.0 0.1933 0.0 0.1455 0.0001 0.1775 0.0 0.1069 0.0 0.1063 0.0 0.1097 0.0 0.1685 0.0 0.3806 0.04 297.838508 284.627157 252.277986 221.715354 244.367619 378.025383 445.036516 511.554263 562.460158 556.408637 570.532272 503.027673 0.2718 0.01 0.256 0.0869 0.2201 0.0088 0.3651 0.0289 0.217 0.3406 0.3764 0.0001 0.3536 0.0 0.2775 0.0 0.2983 0.0 0.2837 0.0 0.0537 0.0 0.1315 0.0 0.1198 0.0 0.0305 0.0 2.075058 4.610341 5.912705 4.742348 0.905767 7.763663 3.534728 5.579263 5.024756 2.320072 4.576428 16.652575 13.214603 159.525253 9.785201 11.811319 15.587338 6.474191 18.67663 1.767438 1.21998 2.490893 3.859031 4.576814
    7 146.815611 145.546507 142.517075 140.01615 137.39381 136.612848 147.794451 157.635946 168.182772 158.578878 148.317625 141.540951 141.184202 139.644536 136.701983 139.943381 164.375414 161.966446 164.099882 173.371736 169.721548 152.211611 141.368151 124.040285 18.4218 12.909387 10.989451 14.627112 15.633458 14.885354 32.329072 35.679975 0.0 0.0 24.70568 14.31604 14.189161 15.389035 13.578758 46.92928 48.069234 61.913297 17.946743 40.800845 10.365753 11.770879 10.021752 31.932092 567.756946 565.093791 551.07768 536.738518 550.644213 563.10702 618.480176 638.640314 667.579291 635.875897 593.032227 606.606111 599.974769 577.959603 560.178148 572.554594 567.528125 537.867443 528.760366 606.968038 640.647739 578.079298 547.37762 473.976634 493.729183 465.427311 427.195645 416.582849 450.903791 506.216665 517.104387 466.672207 521.078057 556.036674 672.322351 623.462149 553.06095 517.755484 487.355007 437.074267 454.741504 467.957735 489.52313 516.656412 471.134992 388.007402 393.390826 318.630013 0.1613 0.0 0.1006 0.0 0.1225 0.0 0.1154 0.0 0.0669 0.0 0.0304 0.0 0.0482 0.0 0.0624 0.0 0.0618 0.0 0.0611 0.0083 444.235831 411.600398 371.408846 331.339341 438.697798 461.035512 554.988243 601.722049 660.656579 622.700771 593.225649 496.019605 0.1053 0.1527 0.124 0.8412 0.1043 0.343 0.0801 0.6191 0.1016 0.1566 0.1788 0.0 0.071 0.0 0.0648 0.0 0.0816 0.0 0.047 0.0 0.0423 0.0 0.0188 0.0 0.0166 0.0 0.0072 0.0 3.335283 3.227874 4.982862 4.93224 0.0 8.573899 5.411158 6.060562 4.947556 4.856529 10.464737 28.338924 0.0 325.673037 25.38485 25.01433 6.785992 6.891269 0.007411 2.490948 1.725007 2.644502 3.937037 5.015124
    8 143.592341 147.683835 140.836809 143.188972 141.818815 141.474634 149.659744 147.627816 149.814981 139.925865 128.907681 112.530821 107.810271 110.140984 116.047539 125.21083 143.659752 163.040925 167.906314 157.618424 148.400289 140.065381 127.110699 126.785681 36.47491 43.089509 47.107 50.41302 55.672815 54.941496 49.043322 46.062152 42.514586 19.25436 16.428624 12.264263 9.34104 8.169294 7.272189 2.914375 8.570115 7.486978 16.976283 18.05854 13.865769 18.54995 11.384072 10.89398 539.497301 541.385502 518.666758 487.488015 501.118693 511.78289 563.453998 554.89239 597.081871 596.731767 432.385698 438.841667 441.055181 463.804649 431.729859 417.54101 487.568335 544.801543 519.580681 566.170101 617.07858 561.546053 536.428448 496.50191 429.472545 444.610265 402.05788 423.089382 455.336245 487.039962 455.893073 458.425367 510.322564 524.946215 578.801806 497.842279 484.797059 435.803563 424.548682 395.149537 442.750709 536.92747 575.065059 526.846601 445.681026 420.952313 364.79542 323.554038 0.0973 0.0 0.131 0.0 0.1933 0.0 0.1455 0.0001 0.1775 0.0 0.1069 0.0 0.1063 0.0 0.1097 0.0 0.1685 0.0 0.3806 0.04 297.838508 284.627157 252.277986 221.715354 244.367619 378.025383 445.036516 511.554263 562.460158 556.408637 570.532272 503.027673 0.2718 0.01 0.256 0.0869 0.2201 0.0088 0.3651 0.0289 0.217 0.3406 0.3764 0.0001 0.3536 0.0 0.2775 0.0 0.2983 0.0 0.2837 0.0 0.0537 0.0 0.1315 0.0 0.1198 0.0 0.0305 0.0 2.075058 4.610341 5.912705 4.742348 0.905767 7.763663 3.534728 5.579263 5.024756 2.320072 4.576428 16.652575 13.214603 159.525253 9.785201 11.811319 15.587338 6.474191 18.67663 1.767438 1.21998 2.490893 3.859031 4.576814
    9 143.592341 147.683835 140.836809 143.188972 141.818815 141.474634 149.659744 147.627816 149.814981 139.925865 128.907681 112.530821 107.810271 110.140984 116.047539 125.21083 143.659752 163.040925 167.906314 157.618424 148.400289 140.065381 127.110699 126.785681 36.47491 43.089509 47.107 50.41302 55.672815 54.941496 49.043322 46.062152 42.514586 19.25436 16.428624 12.264263 9.34104 8.169294 7.272189 2.914375 8.570115 7.486978 16.976283 18.05854 13.865769 18.54995 11.384072 10.89398 539.497301 541.385502 518.666758 487.488015 501.118693 511.78289 563.453998 554.89239 597.081871 596.731767 432.385698 438.841667 441.055181 463.804649 431.729859 417.54101 487.568335 544.801543 519.580681 566.170101 617.07858 561.546053 536.428448 496.50191 429.472545 444.610265 402.05788 423.089382 455.336245 487.039962 455.893073 458.425367 510.322564 524.946215 578.801806 497.842279 484.797059 435.803563 424.548682 395.149537 442.750709 536.92747 575.065059 526.846601 445.681026 420.952313 364.79542 323.554038 0.0973 0.0 0.131 0.0 0.1933 0.0 0.1455 0.0001 0.1775 0.0 0.1069 0.0 0.1063 0.0 0.1097 0.0 0.1685 0.0 0.3806 0.04 297.838508 284.627157 252.277986 221.715354 244.367619 378.025383 445.036516 511.554263 562.460158 556.408637 570.532272 503.027673 0.2718 0.01 0.256 0.0869 0.2201 0.0088 0.3651 0.0289 0.217 0.3406 0.3764 0.0001 0.3536 0.0 0.2775 0.0 0.2983 0.0 0.2837 0.0 0.0537 0.0 0.1315 0.0 0.1198 0.0 0.0305 0.0 2.075058 4.610341 5.912705 4.742348 0.905767 7.763663 3.534728 5.579263 5.024756 2.320072 4.576428 16.652575 13.214603 159.525253 9.785201 11.811319 15.587338 6.474191 18.67663 1.767438 1.21998 2.490893 3.859031 4.576814
   10 143.592341 147.683835 140.836809 143.188972 141.818815 141.474634 149.659744 147.627816 149.814981 139.925865 128.907681 112.530821 107.810271 110.140984 116.047539 125.21083 143.659752 163.040925 167.906314 157.618424 148.400289 140.065381 127.110699 126.785681 36.47491 43.089509 47.107 50.41302 55.672815 54.941496 49.043322 46.062152 42.514586 19.25436 16.428624 12.264263 9.34104 8.169294 7.272189 2.914375 8.570115 7.486978 16.976283 18.05854 13.865769 18.54995 11.384072 10.89398 539.497301 541.385502 518.666758 487.488015 501.118693 511.78289 563.453998 554.89239 597.081871 596.731767 432.385698 438.841667 441.055181 463.804649 431.729859 417.54101 487.568335 544.801543 519.580681 566.170101 617.07858 561.546053 536.428448 496.50191 429.472545 444.610265 402.05788 423.089382 455.336245 487.039962 455.893073 458.425367 510.322564 524.946215 578.801806 497.842279 484.797059 435.803563 424.548682 395.149537 442.750709 536.92747 575.065059 526.846601 445.681026 420.952313 364.79542 323.554038 0.0973 0.0 0.131 0.0 0.1933 0.0 0.1455 0.0001 0.1775 0.0 0.1069 0.0 0.1063 0.0 0.1097 0.0 0.1685 0.0 0.3806 0.04 297.838508 284.627157 252.277986 221.715354 244.367619 378.025383 445.036516 511.554263 562.460158 556.408637 570.532272 503.027673 0.2718 0.01 0.256 0.0869 0.2201 0.0088 0.3651 0.0289 0.217 0.3406 0.3764 0.0001 0.3536 0.0 0.2775 0.0 0.2983 0.0 0.2837 0.0 0.0537 0.0 0.1315 0.0 0.1198 0.0 0.0305 0.0 2.075058 4.610341 5.912705 4.742348 0.905767 7.763663 3.534728 5.579263 5.024756 2.320072 4.576428 16.652575 13.214603 159.525253 9.785201 11.811319 15.587338 6.474191 18.67663 1.767438 1.21998 2.490893 3.859031 4.576814
;
param Prob0 :=
    1 0.1
    2 0.1
    3 0.1
    4 0.1
    5 0.1
    6 0.0
    7 0.1
    8 0.0
    9 0.4
    10 0.0
;
set c[0,5] := 1 2 3 4 5 6 7 8 9 10;
set c[1,5] := 5;
set c[1,9] := 3 6 8 9 10;
set c[1,7] := 1 2 4 7;
set c[2,5] := 5;
set c[2,9] := 3 6 8 9 10;
set c[2,7] := 7;
set c[2,1] := 1;
set c[2,2] := 2 4;
set c[3,5] := 5;
set c[3,8] := 3 6 8 9 10;
set c[3,7] := 7;
set c[3,1] := 1;
set c[3,2] := 2 4;
set c[4,5] := 5;
set c[4,9] := 6 8 9 10;
set c[4,7] := 7;
set c[4,1] := 1;
set c[4,2] := 2 4;
set c[4,3] := 3;
set c[5,5] := 5;
set c[5,8] := 6 8 9 10;
set c[5,7] := 7;
set c[5,1] := 1;
set c[5,2] := 2;
set c[5,3] := 3;
set c[5,4] := 4;
set c[6,5] := 5;
set c[6,8] := 6 8 9 10;
set c[6,7] := 7;
set c[6,1] := 1;
set c[6,2] := 2;
set c[6,3] := 3;
set c[6,4] := 4;
set c[7,5] := 5;
set c[7,8] := 6 8 9 10;
set c[7,7] := 7;
set c[7,1] := 1;
set c[7,2] := 2;
set c[7,3] := 3;
set c[7,4] := 4;
set c[8,5] := 5;
set c[8,6] := 6 8 9 10;
set c[8,7] := 7;
set c[8,1] := 1;
set c[8,2] := 2;
set c[8,3] := 3;
set c[8,4] := 4;
set c[9,5] := 5;
set c[9,10] := 6 8 9 10;
set c[9,7] := 7;
set c[9,1] := 1;
set c[9,2] := 2;
set c[9,3] := 3;
set c[9,4] := 4;
set c[10,5] := 5;
set c[10,8] := 6 8 9 10;
set c[10,7] := 7;
set c[10,1] := 1;
set c[10,2] := 2;
set c[10,3] := 3;
set c[10,4] := 4;
set c[11,5] := 5;
set c[11,8] := 6 8 9 10;
set c[11,7] := 7;
set c[11,1] := 1;
set c[11,2] := 2;
set c[11,3] := 3;
set c[11,4] := 4;
set c[12,5] := 5;
set c[12,9] := 6 8 9 10;
set c[12,7] := 7;
set c[12,1] := 1;
set c[12,2] := 2;
set c[12,3] := 3;
set c[12,4] := 4;
set c[13,5] := 5;
set c[13,9] := 6 8 9 10;
set c[13,7] := 7;
set c[13,1] := 1;
set c[13,2] := 2;
set c[13,3] := 3;
set c[13,4] := 4;
set c[14,5] := 5;
set c[14,6] := 6 8 9 10;
set c[14,7] := 7;
set c[14,1] := 1;
set c[14,2] := 2;
set c[14,3] := 3;
set c[14,4] := 4;
set c[15,5] := 5;
set c[15,8] := 6 8 9 10;
set c[15,7] := 7;
set c[15,1] := 1;
set c[15,2] := 2;
set c[15,3] := 3;
set c[15,4] := 4;
set c[16,5] := 5;
set c[16,9] := 6 8 9 10;
set c[16,7] := 7;
set c[16,1] := 1;
set c[16,2] := 2;
set c[16,3] := 3;
set c[16,4] := 4;
set c[17,5] := 5;
set c[17,6] := 6 8 9 10;
set c[17,7] := 7;
set c[17,1] := 1;
set c[17,2] := 2;
set c[17,3] := 3;
set c[17,4] := 4;
set c[18,5] := 5;
set c[18,9] := 6 8 9 10;
set c[18,7] := 7;
set c[18,1] := 1;
set c[18,2] := 2;
set c[18,3] := 3;
set c[18,4] := 4;
set c[19,5] := 5;
set c[19,9] := 6 8 9 10;
set c[19,7] := 7;
set c[19,1] := 1;
set c[19,2] := 2;
set c[19,3] := 3;
set c[19,4] := 4;
set c[20,5] := 5;
set c[20,9] := 6 8 9 10;
set c[20,7] := 7;
set c[20,1] := 1;
set c[20,2] := 2;
set c[20,3] := 3;
set c[20,4] := 4;
set c[21,5] := 5;
set c[21,9] := 6 8 9 10;
set c[21,7] := 7;
set c[21,1] := 1;
set c[21,2] := 2;
set c[21,3] := 3;
set c[21,4] := 4;
set c[22,5] := 5;
set c[22,9] := 6 8 9 10;
set c[22,7] := 7;
set c[22,1] := 1;
set c[22,2] := 2;
set c[22,3] := 3;
set c[22,4] := 4;
set c[23,5] := 5;
set c[23,8] := 6 8 9 10;
set c[23,7] := 7;
set c[23,1] := 1;
set c[23,2] := 2;
set c[23,3] := 3;
set c[23,4] := 4;
set c[24,5] := 5;
set c[24,8] := 6 8 9 10;
set c[24,7] := 7;
set c[24,1] := 1;
set c[24,2] := 2;
set c[24,3] := 3;
set c[24,4] := 4;
set c[25,5] := 5;
set c[25,10] := 6 8 9 10;
set c[25,7] := 7;
set c[25,1] := 1;
set c[25,2] := 2;
set c[25,3] := 3;
set c[25,4] := 4;
set c[26,5] := 5;
set c[26,9] := 6 8 9 10;
set c[26,7] := 7;
set c[26,1] := 1;
set c[26,2] := 2;
set c[26,3] := 3;
set c[26,4] := 4;
set c[27,5] := 5;
set c[27,8] := 6 8 9 10;
set c[27,7] := 7;
set c[27,1] := 1;
set c[27,2] := 2;
set c[27,3] := 3;
set c[27,4] := 4;
set c[28,5] := 5;
set c[28,8] := 6 8 9 10;
set c[28,7] := 7;
set c[28,1] := 1;
set c[28,2] := 2;
set c[28,3] := 3;
set c[28,4] := 4;
set c[29,5] := 5;
set c[29,8] := 6 8 9 10;
set c[29,7] := 7;
set c[29,1] := 1;
set c[29,2] := 2;
set c[29,3] := 3;
set c[29,4] := 4;
set c[30,5] := 5;
set c[30,9] := 6 8 9 10;
set c[30,7] := 7;
set c[30,1] := 1;
set c[30,2] := 2;
set c[30,3] := 3;
set c[30,4] := 4;
