param nS :=    10;
param nSG :=    30;
param nRVSG :=
 1 24    4 24    7  2   10  2   13  2   16  2   19  2   22  2   25  2   28  2
 2 24    5  2    8  2   11  2   14  2   17  2   20  2   23  2   26  2   29  2
 3 24    6  2    9  2   12  2   15 12   18  2   21  2   24  2   27  2   30 24
;

param ScenF :=
  1 123.822       46  23.6927      91 539.75       136   0.0435
  2 132.347       47  27.8529      92 507.067      137   0.6182
  3 121.027       48  44.4957      93 494.256      138   0.011
  4 121.088       49 546.12        94 482.565      139   0.5595
  5 120.085       50 557.056       95 483.026      140   0
  6 117.181       51 503.996       96 448.098      141   0.5111
  7 121.83        52 483.776       97   0.3187     142   0
  8 141.366       53 486.517       98   0          143   0.4621
  9 151.183       54 491.405       99   0.4103     144   0
 10 139.075       55 500.405      100   0          145   0.3852
 11 126.607       56 524.704      101   0.5007     146   0
 12 104.224       57 545.902      102   0          147   0.2883
 13 103.166       58 521.709      103   0.5639     148   0
 14 111.14        59 449.866      104   0          149   0.2162
 15 121.054       60 358.418      105   0.5936     150   0
 16 130.112       61 341.955      106   0          151   0.1904
 17 152.308       62 385.493      107   0.5355     152   0
 18 155.326       63 426.535      108   0          153   0.2016
 19 157.561       64 426.089      109   0.6461     154   0
 20 165.629       65 459.91       110   0          155   0.2227
 21 170.884       66 584.252      111   0.7197     156   0
 22 169.581       67 591.601      112   0          157   2.89347
 23 148.705       68 570.901      113   0.7518     158   5.90206
 24 140.112       69 620.989      114   0          159   6.93884
 25  24.6019      70 630.216      115   0.7686     160   0
 26  25.7262      71 574.868      116   0.008      161   4.66191
 27  31.6739      72 524.396      117 400.473      162  13.2376
 28  39.3151      73 413.962      118 403.904      163  14.5384
 29  46.4886      74 500.463      119 389.419      164   0
 30  45.1659      75 467.156      120 406.565      165   0
 31  38.9259      76 443.463      121 453.696      166   0
 32  55.3295      77 391.653      122 574.528      167  46.329
 33  53.1785      78 378.834      123 601.459      168   0
 34   0           79 445.013      124 633.057      169  26.2061
 35  10.6287      80 435.397      125 705.775      170 227.494
 36  13.3676      81 480.955      126 658.718      171 141.665
 37  16.1971      82 361.083      127 515.509      172 346.799
 38  18.1793      83 371.469      128 482.8        173   0
 39  19.341       84 323.273      129   0.7717     174  31.5129
 40  16.7917      85 273.264      130   0.0272     175 127.141
 41  19.9009      86 274.013      131   0.7558     176   0.885413
 42  65.85        87 237.366      132   0.0586     177   2.76527
 43  18.9267      88 200.123      133   0.7213     178   1.88041
 44   0           89 251.43       134   0.0594     179   1.16375
 45  15.3393      90 413.152      135   0.6722     180   4.67474
;

param ScenO :=
  1 146.28       37   8          73 510.88      109   0.0152    145   0.5625
  2 142.77       38  22.64       74 482.4       110   0         146   0
  3 140.08       39  21.88       75 460         111   0.0299    147   0.387
  4 138.3        40  25.04       76 453.12      112   0         148   0
  5 137.26       41  56.2        77 441.48      113   0.0616    149   0.218
  6 137.26       42  12.12       78 441.48      114   0         150   0
  7 134.11       43   2.04       79 460         115   0.0941    151   0.1236
  8 138.3        44   2          80 452.72      116   0.039     152   0
  9 141.66       45   1.84       81 484.92      117 463.8       153   0.0846
 10 138.3        46   2.04       82 476.48      118 444.4       154   0
 11 115.88       47   2.04       83 460.48      119 461.44      155   0.0661
 12 109.94       48   5          84 457.72      120 481.28      156   0
 13 109.4        49 546.96       85 441.6       121 512         157   4.20679
 14 108.88       50 529.2        86 435.52      122 556.76      158   4.02753
 15 109.81       51 519.24       87 455.24      123 643.12      159   3.83602
 16 113.87       52 505.24       88 460         124 642.68      160   3.84114
 17 125.13       53 499.96       89 480         125 656         161   3.85815
 18 145.18       54 499.96       90 540.72      126 650.84      162   3.76453
 19 152.78       55 489.96       91 611.12      127 606.16      163   3.73768
 20 158.67       56 484.28       92 614.68      128 556.76      164   3.75611
 21 162          57 517.52       93 636         129   0.1186    165   3.83672
 22 161.94       58 511.2        94 629.56      130   0.0785    166   3.60224
 23 151.54       59 442.32       95 575.96      131   0.1507    167   3.33241
 24 148.19       60 437.32       96 552.76      132   0.1136    168   3.4296
 25   9.8        61 433.72       97   0.3245    133   0.1891    169   4.61097
 26   9          62 433.72       98   0         134   0.1274    170   4.78848
 27  12.12       63 439.2        99   0.287     135   0.227     171   5.46125
 28  14          64 443.48      100   0         136   0.112     172   4.76754
 29  14          65 472.52      101   0.218     137   0.287     173   4.72644
 30  14          66 541.12      102   0         138   0.0275    174   4.27779
 31  15.24       67 589.56      103   0.1403    139   0.385     175   3.41825
 32  10.56       68 610.68      104   0         140   0.0003    176   3.61297
 33   9          69 624         105   0.0881    141   0.4771    177   3.50222
 34  66.8        70 623.76      106   0         142   0         178   3.69421
 35  51.28       71 589.56      107   0.0493    143   0.5649    179   3.65857
 36  30          72 553.36      108   0         144   0         180   3.39915
;

param Scen0 (tr)
 :     1     2     3     4     5     6     7     8     9    10    11    12    13    14    15    16    17    18    19    20    21    22    23    24    25    26    27    28    29    30    31    32    33    34    35    36    37    38    39    40    41    42    43    44    45    46    47    48    49    50    51    52    53    54    55    56    57    58    59    60    61    62    63    64    65    66    67    68    69    70    71    72    73    74    75    76    77    78    79    80    81    82    83    84    85    86    87    88    89    90    91    92    93    94    95    96    97    98    99   100   101   102   103   104   105   106   107   108   109   110   111   112   113   114   115   116   117   118   119   120   121   122   123   124   125   126   127   128   129   130   131   132   133   134   135   136   137   138   139   140   141   142   143   144   145   146   147   148   149   150   151   152   153   154   155   156   157   158   159   160   161   162   163   164   165   166   167   168   169   170   171   172   173   174   175   176   177   178   179   180 :=
    1 133.735243 130.659788 126.517329 123.932714 118.530074 115.788489 128.18318 140.756599 148.80582 144.105671 131.140804 123.014337 125.332077 127.361724 130.722065 141.890811 161.468144 150.996515 154.592526 169.869399 167.3025 152.389449 145.625577 128.41935 28.878968 40.057751 47.181208 54.404708 61.918276 49.934073 71.935327 248.741164 80.587991 60.814026 13.868407 24.669795 36.268043 33.885911 38.525595 39.887075 34.364388 104.259263 12.025847 7.242889 7.06914 37.386069 59.417755 75.68861 607.957106 584.032642 560.880036 554.999027 567.499818 566.153808 543.372332 600.680782 600.188347 569.916974 557.482274 497.914467 495.451142 521.876429 525.816515 536.351079 597.498447 493.854788 566.545706 606.793038 594.18118 562.738477 539.978969 487.760147 511.262892 521.103123 497.330871 489.916449 466.332312 417.606696 451.484597 457.240116 436.971342 367.025143 425.800871 394.38591 314.073476 355.861646 277.99909 263.811845 314.161387 420.190793 515.669718 539.022373 517.191969 482.687689 499.759901 473.610891 0.2692 0.0 0.3098 0.0 0.5836 0.0 0.7425 0.0001 0.7875 0.0 0.8695 0.0 0.8789 0.0 0.9041 0.0 0.9199 0.0 0.9371 0.0029 669.47705 294.369155 263.056757 266.22549 459.958967 535.966767 554.472833 601.090257 646.678974 584.051846 486.851374 421.282134 0.8161 0.0067 0.8241 0.0007 0.7539 0.0427 0.6484 0.0105 0.579 0.0018 0.4227 0.0 0.586 0.0 0.7155 0.0 0.4822 0.0 0.199 0.0 0.0619 0.0 0.06 0.0 0.0632 0.0 0.1014 0.0 3.088821 6.016432 6.530582 0.0 5.475951 12.630513 15.268321 0.363823 0.392958 0.098999 43.844019 0.0 15.529606 299.847207 141.94623 334.227865 16.422618 32.367686 135.55664 1.406383 3.375305 2.092078 1.014691 3.98619
    2 133.735243 130.659788 126.517329 123.932714 118.530074 115.788489 128.18318 140.756599 148.80582 144.105671 131.140804 123.014337 125.332077 127.361724 130.722065 141.890811 161.468144 150.996515 154.592526 169.869399 167.3025 152.389449 145.625577 128.41935 23.888133 26.710766 30.081325 38.854812 45.990482 37.388696 29.754618 47.72947 22.812143 0.0 0.0 0.997643 5.40903 7.956683 9.548163 12.026933 0.0 37.691673 11.727503 23.081561 22.778845 23.676975 30.834012 42.768791 621.974687 522.28616 482.979358 466.860419 469.684157 496.366107 548.906896 575.641588 620.105642 570.455602 482.345172 386.380493 380.062096 406.491004 432.06369 461.901967 498.949647 543.060662 630.333375 666.879783 674.696317 681.863377 618.74801 535.479023 397.9998 391.8461 386.564024 350.149223 331.833884 290.466605 297.274479 301.037379 376.301779 344.019837 369.373572 313.063947 288.613702 294.960245 275.419418 232.180139 270.969887 421.832632 528.356832 492.55023 453.75475 479.011077 491.138452 435.224867 0.4657 0.0 0.5961 0.0 0.6679 0.0 0.788 0.0 0.8467 0.0 0.8035 0.0 0.8439 0.0 0.8593 0.0 0.7879 0.0 0.8073 0.0675 451.289073 428.41708 415.537254 430.276408 520.908228 597.299118 551.251371 607.435133 654.41309 581.315348 453.575604 460.901565 0.8344 0.085 0.7067 0.0172 0.709 0.0131 0.676 0.0449 0.7435 0.0316 0.7425 0.0 0.7799 0.0 0.7941 0.0 0.7482 0.0 0.5254 0.0 0.5604 0.0 0.5352 0.0 0.5398 0.0 0.5438 0.0 3.052993 6.520774 5.430978 0.0 7.288829 11.875148 14.546566 0.0 0.522984 0.0 42.772778 241.696241 240.698572 858.782306 147.312333 350.089071 4.08899 31.433175 123.341869 1.200542 3.088574 2.194485 1.17041 4.490365
    3 130.012337 132.161089 124.12252 126.286753 122.032981 119.710416 129.620088 130.69458 130.057856 124.989944 111.618625 94.174315 92.075232 97.752153 109.639815 126.317572 139.918837 151.512091 157.680522 153.399097 145.545938 140.240915 131.553746 131.393821 37.203523 46.292811 50.917638 57.126965 65.820794 61.674248 47.577694 46.451335 53.809199 20.667768 0.891598 11.373994 14.73378 13.663705 12.45978 0.0 6.647971 49.935199 19.756514 18.135471 22.045583 27.845721 27.908524 40.993198 570.653156 562.990995 526.650642 492.12067 492.083257 495.867435 533.866317 507.067566 539.473411 545.127145 368.59744 324.756888 324.713603 374.161805 367.248592 369.420494 451.532206 561.982934 581.515629 590.603485 599.180667 579.442277 575.649021 527.020472 489.838593 510.235033 469.166186 481.260069 451.496381 413.239909 433.541328 436.3263 428.673494 392.816825 366.098021 304.942183 305.05211 287.071931 263.776487 200.154547 315.310224 453.756844 558.542909 495.773609 416.182419 443.682621 438.510053 380.015513 0.2996 0.0 0.4279 0.0 0.6793 0.0 0.7734 0.0 0.7095 0.0 0.5784 0.0 0.4369 0.0 0.5729 0.0 0.5861 0.0 0.6906 0.0005 326.801623 303.055468 294.39295 301.175335 349.424907 506.346225 592.583495 631.296889 652.768701 561.494459 463.730986 388.577622 0.629 0.0034 0.6769 0.0147 0.6526 0.0148 0.5234 0.0033 0.4093 0.0033 0.3982 0.0 0.3451 0.0 0.4448 0.0 0.3758 0.0 0.2145 0.0 0.1066 0.0 0.0819 0.0 0.1237 0.0 0.1853 0.0 3.10745 6.619545 7.228864 0.651114 7.339785 12.016024 14.132252 0.0 0.484249 0.0 43.183898 0.036117 17.731894 273.543352 140.231479 337.255199 8.901874 30.560983 132.977491 1.500827 3.259562 2.07145 1.166791 3.821188
    4 133.735243 130.659788 126.517329 123.932714 118.530074 115.788489 128.18318 140.756599 148.80582 144.105671 131.140804 123.014337 125.332077 127.361724 130.722065 141.890811 161.468144 150.996515 154.592526 169.869399 167.3025 152.389449 145.625577 128.41935 23.888133 26.710766 30.081325 38.854812 45.990482 37.388696 29.754618 47.72947 22.812143 0.0 0.0 0.997643 5.40903 7.956683 9.548163 12.026933 0.0 37.691673 11.727503 23.081561 22.778845 23.676975 30.834012 42.768791 621.974687 522.28616 482.979358 466.860419 469.684157 496.366107 548.906896 575.641588 620.105642 570.455602 482.345172 386.380493 380.062096 406.491004 432.06369 461.901967 498.949647 543.060662 630.333375 666.879783 674.696317 681.863377 618.74801 535.479023 554.637276 532.366169 493.311162 473.214104 442.026228 424.123414 492.604395 440.340958 434.284927 415.245489 448.73596 414.089688 356.706485 350.484344 304.475466 214.380381 331.184814 386.603039 473.281554 486.721687 443.905827 412.76593 468.443236 376.592246 0.2903 0.0 0.3455 0.0 0.4436 0.0 0.5614 0.0 0.7031 0.0 0.6259 0.0 0.7485 0.0 0.7687 0.0 0.9085 0.0 0.9446 0.0024 480.76785 506.402209 457.311161 552.458439 624.428059 598.711526 622.225033 648.171762 789.422588 707.95056 607.149903 533.938899 0.9008 0.0186 0.8591 0.0661 0.8447 0.0072 0.8224 0.0074 0.8065 0.0032 0.7924 0.0 0.6598 0.0 0.621 0.0 0.5929 0.0 0.5172 0.0 0.5607 0.0 0.4679 0.0 0.4341 0.0 0.5504 0.0 2.107912 4.055703 4.998774 0.314004 1.078793 12.901053 16.617333 0.306965 0.0 1.551 42.497028 0.0 0.0 649.482603 174.282366 345.933261 30.623942 31.050985 121.652418 3.322327 4.392919 3.768345 1.037231 3.439339
    5 135.729961 133.654328 127.789374 123.561474 119.332016 117.292075 127.534023 144.223347 150.400395 146.462315 151.288454 87.543024 84.216513 90.931035 104.790259 120.591209 133.27521 152.833273 148.167172 156.603242 159.35652 153.365226 147.523057 143.259849 25.045119 30.520501 34.414751 39.653217 45.225936 41.983888 26.343275 33.042981 38.457734 23.343989 0.0 8.578026 13.902626 12.67633 11.168828 4.362671 59.830401 26.245197 0.0 20.012975 22.269978 14.937971 22.172854 25.970439 594.526943 612.451593 556.046751 540.128818 542.256367 570.553422 543.79785 560.19207 554.553615 581.1103 553.984526 351.286026 329.425751 366.03172 404.529342 428.615796 432.418764 552.936811 588.6646 607.619102 596.931537 601.093455 565.520407 542.486919 511.468364 552.915222 531.015254 535.661871 482.474218 458.299703 380.316299 394.523031 398.519615 344.222242 375.913422 306.433445 284.155917 231.155479 233.431333 196.007333 233.109102 404.952359 507.523879 491.365471 475.600834 479.280002 491.341002 445.327181 0.1785 0.0 0.2484 0.0 0.1865 0.0 0.185 0.0 0.2722 0.0 0.4502 0.0 0.6621 0.0 0.6981 0.0 0.5788 0.0 0.6064 0.004 405.484219 383.762158 380.956111 400.590238 489.723899 590.339745 575.716751 622.484589 649.320472 523.604302 443.737012 492.878903 0.4145 0.0408 0.489 0.1804 0.3619 0.154 0.2618 0.0675 0.1636 0.0229 0.1394 0.0 0.1357 0.0001 0.1146 0.0 0.0953 0.0 0.0468 0.0 0.0271 0.0 0.0622 0.0 0.0566 0.0 0.1239 0.0 3.424503 5.641596 6.839113 0.0 3.76688 11.957603 14.645465 0.0 0.0 0.0 42.876419 2.268917 0.0 510.885097 159.452986 348.889921 15.785899 31.549171 130.894181 2.842887 5.311742 3.306113 1.148199 4.263874
    6 130.012337 132.161089 124.12252 126.286753 122.032981 119.710416 129.620088 130.69458 130.057856 124.989944 111.618625 94.174315 92.075232 97.752153 109.639815 126.317572 139.918837 151.512091 157.680522 153.399097 145.545938 140.240915 131.553746 131.393821 37.203523 46.292811 50.917638 57.126965 65.820794 61.674248 47.577694 46.451335 53.809199 20.667768 0.891598 11.373994 14.73378 13.663705 12.45978 0.0 6.647971 49.935199 19.756514 18.135471 22.045583 27.845721 27.908524 40.993198 570.653156 562.990995 526.650642 492.12067 492.083257 495.867435 533.866317 507.067566 539.473411 545.127145 368.59744 324.756888 324.713603 374.161805 367.248592 369.420494 451.532206 561.982934 581.515629 590.603485 599.180667 579.442277 575.649021 527.020472 489.838593 510.235033 469.166186 481.260069 451.496381 413.239909 433.541328 436.3263 428.673494 392.816825 366.098021 304.942183 305.05211 287.071931 263.776487 200.154547 315.310224 453.756844 558.542909 495.773609 416.182419 443.682621 438.510053 380.015513 0.2996 0.0 0.4279 0.0 0.6793 0.0 0.7734 0.0 0.7095 0.0 0.5784 0.0 0.8515 0.0 0.9514 0.0 0.9768 0.0 0.9514 0.004 508.794425 421.789541 248.727022 285.01025 342.624458 454.364218 537.390421 527.954329 534.636166 511.589176 426.996013 365.044267 0.9669 0.0149 0.9634 0.0231 0.9561 0.0776 0.942 0.036 0.9485 0.0047 0.9565 0.0 0.8996 0.0 0.8962 0.0 0.6841 0.0 0.56 0.0 0.2792 0.0 0.2558 0.0 0.3907 0.0 0.348 0.0 2.985646 6.117223 5.857187 0.0 9.661495 8.093956 14.108812 0.93423 0.0 0.764776 36.289733 4.624604 45.553123 284.60535 157.183713 360.016692 0.0 32.270217 105.543905 1.222441 2.942245 2.22097 1.501792 5.293867
    7 133.735243 130.659788 126.517329 123.932714 118.530074 115.788489 128.18318 140.756599 148.80582 144.105671 131.140804 123.014337 125.332077 127.361724 130.722065 141.890811 161.468144 150.996515 154.592526 169.869399 167.3025 152.389449 145.625577 128.41935 23.888133 26.710766 30.081325 38.854812 45.990482 37.388696 29.754618 47.72947 22.812143 0.0 0.0 0.997643 5.40903 7.956683 9.548163 12.026933 0.0 37.691673 11.727503 23.081561 22.778845 23.676975 30.834012 42.768791 621.974687 522.28616 482.979358 466.860419 469.684157 496.366107 548.906896 575.641588 620.105642 570.455602 482.345172 386.380493 380.062096 406.491004 432.06369 461.901967 498.949647 543.060662 630.333375 666.879783 674.696317 681.863377 618.74801 535.479023 554.637276 532.366169 493.311162 473.214104 442.026228 424.123414 492.604395 440.340958 434.284927 415.245489 448.73596 414.089688 356.706485 350.484344 304.475466 214.380381 331.184814 386.603039 473.281554 486.721687 443.905827 412.76593 468.443236 376.592246 0.2903 0.0 0.3455 0.0 0.4436 0.0 0.5614 0.0 0.7031 0.0 0.6259 0.0 0.7485 0.0 0.7687 0.0 0.9085 0.0 0.9446 0.0024 480.76785 506.402209 457.311161 552.458439 624.428059 598.711526 622.225033 648.171762 789.422588 707.95056 607.149903 533.938899 0.9008 0.0186 0.8591 0.0661 0.8447 0.0072 0.8224 0.0074 0.8065 0.0032 0.7924 0.0 0.6598 0.0 0.621 0.0 0.5929 0.0 0.5172 0.0 0.5607 0.0 0.4679 0.0 0.4341 0.0 0.0466 0.0 4.367886 4.218577 5.573195 0.227449 0.0 14.014764 16.616016 0.68469 0.0 1.55868 48.468095 24.859534 18.059044 383.223304 156.388353 342.707052 0.0 32.595854 104.184838 2.012752 3.599913 2.388991 1.150873 4.652855
    8 130.012337 132.161089 124.12252 126.286753 122.032981 119.710416 129.620088 130.69458 130.057856 124.989944 111.618625 94.174315 92.075232 97.752153 109.639815 126.317572 139.918837 151.512091 157.680522 153.399097 145.545938 140.240915 131.553746 131.393821 37.203523 46.292811 50.917638 57.126965 65.820794 61.674248 47.577694 46.451335 53.809199 20.667768 0.891598 11.373994 14.73378 13.663705 12.45978 0.0 6.647971 49.935199 19.756514 18.135471 22.045583 27.845721 27.908524 40.993198 570.653156 562.990995 526.650642 492.12067 492.083257 495.867435 533.866317 507.067566 539.473411 545.127145 368.59744 324.756888 324.713603 374.161805 367.248592 369.420494 451.532206 561.982934 581.515629 590.603485 599.180667 579.442277 575.649021 527.020472 489.838593 510.235033 469.166186 481.260069 451.496381 413.239909 433.541328 436.3263 428.673494 392.816825 366.098021 304.942183 305.05211 287.071931 263.776487 200.154547 315.310224 453.756844 558.542909 495.773609 416.182419 443.682621 438.510053 380.015513 0.2996 0.0 0.4279 0.0 0.6793 0.0 0.7734 0.0 0.7095 0.0 0.5784 0.0 0.8515 0.0 0.9514 0.0 0.9768 0.0 0.9514 0.004 508.794425 421.789541 248.727022 285.01025 342.624458 454.364218 537.390421 527.954329 534.636166 511.589176 426.996013 365.044267 0.9669 0.0149 0.9634 0.0231 0.9561 0.0776 0.942 0.036 0.9485 0.0047 0.9565 0.0 0.8996 0.0 0.8962 0.0 0.6841 0.0 0.56 0.0 0.2792 0.0 0.2558 0.0 0.3907 0.0 0.348 0.0 2.985646 6.117223 5.857187 0.0 9.661495 8.093956 14.108812 0.93423 0.0 0.764776 36.289733 4.624604 45.553123 284.60535 157.183713 360.016692 0.0 32.270217 105.543905 1.222441 2.942245 2.22097 1.501792 5.293867
    9 130.012337 132.161089 124.12252 126.286753 122.032981 119.710416 129.620088 130.69458 130.057856 124.989944 111.618625 94.174315 92.075232 97.752153 109.639815 126.317572 139.918837 151.512091 157.680522 153.399097 145.545938 140.240915 131.553746 131.393821 37.203523 46.292811 50.917638 57.126965 65.820794 61.674248 47.577694 46.451335 53.809199 20.667768 0.891598 11.373994 14.73378 13.663705 12.45978 0.0 6.647971 49.935199 19.756514 18.135471 22.045583 27.845721 27.908524 40.993198 570.653156 562.990995 526.650642 492.12067 492.083257 495.867435 533.866317 507.067566 539.473411 545.127145 368.59744 324.756888 324.713603 374.161805 367.248592 369.420494 451.532206 561.982934 581.515629 590.603485 599.180667 579.442277 575.649021 527.020472 489.838593 510.235033 469.166186 481.260069 451.496381 413.239909 433.541328 436.3263 428.673494 392.816825 366.098021 304.942183 305.05211 287.071931 263.776487 200.154547 315.310224 453.756844 558.542909 495.773609 416.182419 443.682621 438.510053 380.015513 0.2996 0.0 0.4279 0.0 0.6793 0.0 0.7734 0.0 0.7095 0.0 0.5784 0.0 0.7435 0.0 0.7009 0.0 0.7951 0.0 0.868 0.0117 466.590593 438.066488 488.604242 468.71672 543.159731 660.893535 623.03593 660.151295 617.788686 551.42019 506.881835 447.658156 0.7923 0.0251 0.7554 0.1104 0.6446 0.0449 0.6517 0.0544 0.6498 0.0313 0.5855 0.0 0.6375 0.0 0.4657 0.0 0.4916 0.0 0.3784 0.0 0.2168 0.0 0.2028 0.0 0.1259 0.0 0.1665 0.0 3.166869 5.671241 6.290125 0.295215 5.427697 12.925623 14.539511 0.246658 0.0 0.0 44.381484 18.359816 42.21043 171.683396 144.931095 346.988315 0.0 32.556005 125.979737 1.273323 3.09072 2.229852 1.078994 4.240649
   10 130.012337 132.161089 124.12252 126.286753 122.032981 119.710416 129.620088 130.69458 130.057856 124.989944 111.618625 94.174315 92.075232 97.752153 109.639815 126.317572 139.918837 151.512091 157.680522 153.399097 145.545938 140.240915 131.553746 131.393821 37.203523 46.292811 50.917638 57.126965 65.820794 61.674248 47.577694 46.451335 53.809199 20.667768 0.891598 11.373994 14.73378 13.663705 12.45978 0.0 6.647971 49.935199 19.756514 18.135471 22.045583 27.845721 27.908524 40.993198 570.653156 562.990995 526.650642 492.12067 492.083257 495.867435 533.866317 507.067566 539.473411 545.127145 368.59744 324.756888 324.713603 374.161805 367.248592 369.420494 451.532206 561.982934 581.515629 590.603485 599.180667 579.442277 575.649021 527.020472 489.838593 510.235033 469.166186 481.260069 451.496381 413.239909 433.541328 436.3263 428.673494 392.816825 366.098021 304.942183 305.05211 287.071931 263.776487 200.154547 315.310224 453.756844 558.542909 495.773609 416.182419 443.682621 438.510053 380.015513 0.2996 0.0 0.4279 0.0 0.6793 0.0 0.7734 0.0 0.7095 0.0 0.5784 0.0 0.4369 0.0 0.5729 0.0 0.5861 0.0 0.6906 0.0005 326.801623 303.055468 294.39295 301.175335 349.424907 506.346225 592.583495 631.296889 652.768701 561.494459 463.730986 388.577622 0.629 0.0034 0.6769 0.0147 0.6526 0.0148 0.5234 0.0033 0.4093 0.0033 0.3982 0.0 0.3451 0.0 0.4448 0.0 0.3758 0.0 0.2145 0.0 0.1066 0.0 0.0819 0.0 0.1237 0.0 0.1853 0.0 3.10745 6.619545 7.228864 0.651114 7.339785 12.016024 14.132252 0.0 0.484249 0.0 43.183898 0.036117 17.731894 273.543352 140.231479 337.255199 8.901874 30.560983 132.977491 1.500827 3.259562 2.07145 1.166791 3.821188
;
param Prob0 :=
    1 0.1
    2 0.1
    3 0.2
    4 0.1
    5 0.1
    6 0.2
    7 0.1
    8 0.0
    9 0.1
    10 0.0
;
set c[0,5] := 1 2 3 4 5 6 7 8 9 10;
set c[1,5] := 5;
set c[1,9] := 3 6 8 9 10;
set c[1,7] := 1 2 4 7;
set c[2,5] := 5;
set c[2,9] := 3 6 8 9 10;
set c[2,4] := 2 4 7;
set c[2,1] := 1;
set c[3,5] := 5;
set c[3,8] := 3 6 8 9 10;
set c[3,4] := 2 4 7;
set c[3,1] := 1;
set c[4,5] := 5;
set c[4,9] := 3 6 8 9 10;
set c[4,7] := 4 7;
set c[4,1] := 1;
set c[4,2] := 2;
set c[5,5] := 5;
set c[5,9] := 3 6 8 9 10;
set c[5,4] := 4 7;
set c[5,1] := 1;
set c[5,2] := 2;
set c[6,5] := 5;
set c[6,3] := 3 6 8 9 10;
set c[6,4] := 4 7;
set c[6,1] := 1;
set c[6,2] := 2;
set c[7,5] := 5;
set c[7,6] := 3 6 8 9 10;
set c[7,4] := 4 7;
set c[7,1] := 1;
set c[7,2] := 2;
set c[8,5] := 5;
set c[8,9] := 3 6 8 9 10;
set c[8,4] := 4 7;
set c[8,1] := 1;
set c[8,2] := 2;
set c[9,5] := 5;
set c[9,9] := 3 6 8 9 10;
set c[9,4] := 4 7;
set c[9,1] := 1;
set c[9,2] := 2;
set c[10,5] := 5;
set c[10,9] := 3 6 8 9 10;
set c[10,4] := 4 7;
set c[10,1] := 1;
set c[10,2] := 2;
set c[11,5] := 5;
set c[11,9] := 9;
set c[11,8] := 6 8;
set c[11,4] := 4 7;
set c[11,1] := 1;
set c[11,2] := 2;
set c[11,3] := 3 10;
set c[12,5] := 5;
set c[12,9] := 9;
set c[12,6] := 6 8;
set c[12,4] := 4 7;
set c[12,1] := 1;
set c[12,2] := 2;
set c[12,3] := 3 10;
set c[13,5] := 5;
set c[13,9] := 9;
set c[13,6] := 6 8;
set c[13,4] := 4 7;
set c[13,1] := 1;
set c[13,2] := 2;
set c[13,3] := 3 10;
set c[14,5] := 5;
set c[14,9] := 9;
set c[14,6] := 6 8;
set c[14,4] := 4 7;
set c[14,1] := 1;
set c[14,2] := 2;
set c[14,3] := 3 10;
set c[15,5] := 5;
set c[15,9] := 9;
set c[15,6] := 6 8;
set c[15,4] := 4 7;
set c[15,1] := 1;
set c[15,2] := 2;
set c[15,3] := 3 10;
set c[16,5] := 5;
set c[16,9] := 9;
set c[16,6] := 6 8;
set c[16,4] := 4 7;
set c[16,1] := 1;
set c[16,2] := 2;
set c[16,3] := 3 10;
set c[17,5] := 5;
set c[17,9] := 9;
set c[17,6] := 6 8;
set c[17,4] := 4 7;
set c[17,1] := 1;
set c[17,2] := 2;
set c[17,3] := 3 10;
set c[18,5] := 5;
set c[18,9] := 9;
set c[18,6] := 6 8;
set c[18,4] := 4 7;
set c[18,1] := 1;
set c[18,2] := 2;
set c[18,3] := 3 10;
set c[19,5] := 5;
set c[19,9] := 9;
set c[19,6] := 6 8;
set c[19,4] := 4 7;
set c[19,1] := 1;
set c[19,2] := 2;
set c[19,3] := 3 10;
set c[20,5] := 5;
set c[20,9] := 9;
set c[20,6] := 6 8;
set c[20,4] := 4 7;
set c[20,1] := 1;
set c[20,2] := 2;
set c[20,3] := 3 10;
set c[21,5] := 5;
set c[21,9] := 9;
set c[21,6] := 6 8;
set c[21,4] := 4 7;
set c[21,1] := 1;
set c[21,2] := 2;
set c[21,3] := 3 10;
set c[22,5] := 5;
set c[22,9] := 9;
set c[22,6] := 6 8;
set c[22,4] := 4 7;
set c[22,1] := 1;
set c[22,2] := 2;
set c[22,3] := 3 10;
set c[23,5] := 5;
set c[23,9] := 9;
set c[23,6] := 6 8;
set c[23,4] := 4 7;
set c[23,1] := 1;
set c[23,2] := 2;
set c[23,3] := 3 10;
set c[24,5] := 5;
set c[24,9] := 9;
set c[24,6] := 6 8;
set c[24,4] := 4 7;
set c[24,1] := 1;
set c[24,2] := 2;
set c[24,3] := 3 10;
set c[25,5] := 5;
set c[25,9] := 9;
set c[25,6] := 6 8;
set c[25,4] := 4 7;
set c[25,1] := 1;
set c[25,2] := 2;
set c[25,3] := 3 10;
set c[26,5] := 5;
set c[26,9] := 9;
set c[26,6] := 6 8;
set c[26,4] := 4 7;
set c[26,1] := 1;
set c[26,2] := 2;
set c[26,3] := 3 10;
set c[27,5] := 5;
set c[27,9] := 9;
set c[27,6] := 6 8;
set c[27,4] := 4 7;
set c[27,1] := 1;
set c[27,2] := 2;
set c[27,3] := 3 10;
set c[28,5] := 5;
set c[28,9] := 9;
set c[28,6] := 6 8;
set c[28,4] := 4 7;
set c[28,1] := 1;
set c[28,2] := 2;
set c[28,3] := 3 10;
set c[29,5] := 5;
set c[29,9] := 9;
set c[29,6] := 6 8;
set c[29,4] := 4;
set c[29,7] := 7;
set c[29,1] := 1;
set c[29,2] := 2;
set c[29,3] := 3 10;
set c[30,5] := 5;
set c[30,9] := 9;
set c[30,6] := 6 8;
set c[30,4] := 4;
set c[30,7] := 7;
set c[30,1] := 1;
set c[30,2] := 2;
set c[30,3] := 3 10;
