param nS :=    10;
param nSG :=    30;
param nRVSG :=
 1 24    4 24    7  2   10  2   13  2   16  2   19  2   22  2   25  2   28  2
 2 24    5  2    8  2   11  2   14  2   17  2   20  2   23  2   26  2   29  2
 3 24    6  2    9  2   12  2   15 12   18  2   21  2   24  2   27  2   30 24
;

param ScenF :=
  1 146.026       46  15.1584      91 515.787      136   0.1156
  2 157.067       47  10.6995      92 499.933      137   0.2136
  3 146.399       48  10.3191      93 503.653      138   0.0309
  4 150.165       49 529.803       94 485.542      139   0.2529
  5 154.921       50 538.909       95 492.176      140   0
  6 155.994       51 505.387       96 467.7        141   0.2567
  7 158.764       52 492.522       97   0.3448     142   0
  8 177.658       53 479.283       98   0          143   0.2487
  9 189.725       54 478.956       99   0.3642     144   0
 10 175.773       55 502.631      100   0          145   0.312
 11 157.197       56 582.231      101   0.3627     146   0
 12 126.813       57 623.897      102   0          147   0.3501
 13 118.268       58 574.366      103   0.3223     148   0
 14 117.906       59 497.66       104   0          149   0.3366
 15 119.852       60 389.479      105   0.2701     150   0
 16 121.076       61 351.945      106   0          151   0.2669
 17 144.434       62 350.003      107   0.1993     152   0
 18 149.66        63 349.31       108   0          153   0.229
 19 171.202       64 325.486      109   0.1199     154   0
 20 178.882       65 400.475      110   0          155   0.2052
 21 183.255       66 554.647      111   0.1555     156   0
 22 185.84        67 560.468      112   0          157   2.41472
 23 162.922       68 523.768      113   0.213      158   6.47424
 24 153.303       69 575.755      114   0          159   4.88778
 25  18.1351      70 577.107      115   0.2678     160   3.06397
 26  22.1312      71 540.52       116   0.0452     161  10.6952
 27  20.0601      72 489.483      117 426.644      162   5.16349
 28  19.9182      73 439.615      118 438.607      163   2.75514
 29  17.4575      74 513.857      119 432.653      164   3.79337
 30  19.8622      75 475.445      120 465.095      165   4.46374
 31  21.7932      76 444.754      121 472.408      166   0.362297
 32  30.9238      77 420.508      122 592.83       167   3.96038
 33  27.7404      78 429.926      123 619.369      168   0
 34   0           79 499.772      124 648.089      169  12.5282
 35  18.2961      80 543.198      125 664.091      170   0
 36  12.4956      81 591.463      126 680.395      171   0
 37   8.04845     82 501.229      127 581.602      172   0
 38   5.15993     83 491.733      128 542.704      173   0.777181
 39   3.91965     84 487.024      129   0.2821     174  10.0852
 40   7.8049      85 427.318      130   0.0852     175   0
 41   2.56327     86 427.906      131   0.2468     176   2.09447
 42  28.3807      87 418.86       132   0.1164     177   1.75176
 43  15.7627      88 442.674      133   0.1907     178   2.35052
 44   7.76992     89 431.721      134   0.1284     179   4.33088
 45  14.0082      90 495.452      135   0.1716     180   5.42961
;

param ScenO :=
  1 145          37   5.8        73 560.68      109   0.3351    145   0.2107
  2 139.03       38   5.8        74 522.76      110   0         146   0
  3 137.48       39   5.8        75 485.28      111   0.1351    147   0.2151
  4 134.66       40  12.2        76 480         112   0         148   0
  5 127.37       41  55.12       77 476.76      113   0.0823    149   0.1468
  6 131.15       42  18.24       78 465.48      114   0         150   0
  7 137.18       43  10          79 501.16      115   0.0858    151   0.0917
  8 142.98       44   8.4        80 549.92      116   0.073     152   0
  9 149.77       45   8.64       81 599.08      117 511.48      153   0.0941
 10 145          46  10          82 580         118 472.48      154   0
 11 134.66       47  10          83 540.8       119 500         155   0.1416
 12 114.16       48  12.88       84 463.44      120 497.2       156   0
 13 112.01       49 556          85 463.44      121 487.16      157   4.34262
 14 112.01       50 522.76       86 460.04      122 652         158   4.03359
 15 111.75       51 480          87 447.04      123 660.04      159   4.20105
 16 111.88       52 487.56       88 447.52      124 677.72      160   4.41675
 17 124.37       53 473.96       89 495.48      125 648         161   4.62998
 18 145          54 483.24       90 587.56      126 570         162   4.62059
 19 155.01       55 515.8        91 623.96      127 528         163   4.259
 20 159.44       56 560          92 637.76      128 501.48      164   3.96741
 21 156.1        57 599.08       93 624.4       129   0.0799    165   3.5618
 22 150.85       58 580          94 563.4       130   0.1435    166   4.22166
 23 144.4        59 538.64       95 524         131   0.0741    167   3.56869
 24 139.37       60 456.64       96 501.72      132   0.1958    168   5.44359
 25   9.8        61 448.04       97   0.5314    133   0.0787    169   5.15454
 26  10          62 448.04       98   0         134   0.2143    170   5.27864
 27  10          63 447          99   0.5504    135   0.0695    171   5.38631
 28  14          64 447.52      100   0         136   0.1998    172   5.61503
 29  14.32       65 497.48      101   0.5576    137   0.0929    173   5.2056
 30  14          66 588         102   0         138   0.0458    174   4.20545
 31  10          67 635.96      103   0.5674    139   0.1236    175   3.75879
 32   8          68 647.76      104   0         140   0.0005    176   3.95917
 33   9.4        69 637.2       105   0.5974    141   0.1455    177   4.14286
 34  16.8        70 600         106   0         142   0         178   4.07915
 35  20          71 560.04      107   0.5083    143   0.1751    179   3.92791
 36  12.88       72 533.48      108   0         144   0         180   3.90931
;

param Scen0 (tr)
 :     1     2     3     4     5     6     7     8     9    10    11    12    13    14    15    16    17    18    19    20    21    22    23    24    25    26    27    28    29    30    31    32    33    34    35    36    37    38    39    40    41    42    43    44    45    46    47    48    49    50    51    52    53    54    55    56    57    58    59    60    61    62    63    64    65    66    67    68    69    70    71    72    73    74    75    76    77    78    79    80    81    82    83    84    85    86    87    88    89    90    91    92    93    94    95    96    97    98    99   100   101   102   103   104   105   106   107   108   109   110   111   112   113   114   115   116   117   118   119   120   121   122   123   124   125   126   127   128   129   130   131   132   133   134   135   136   137   138   139   140   141   142   143   144   145   146   147   148   149   150   151   152   153   154   155   156   157   158   159   160   161   162   163   164   165   166   167   168   169   170   171   172   173   174   175   176   177   178   179   180 :=
    1 155.804477 155.313294 151.748525 152.85431 153.359465 154.693732 165.064059 177.055809 187.331995 180.899783 161.410426 145.728006 140.585779 134.22602 129.495127 132.887462 153.79126 145.732529 167.758477 182.704316 179.671373 168.358478 159.433517 141.339329 22.542251 36.349573 35.324983 34.798036 32.783067 24.520816 54.926913 224.631546 55.251 60.206406 21.217267 23.688025 28.114046 20.827107 23.110505 30.922616 17.077791 66.067416 8.653602 15.333046 5.015981 28.174375 41.546266 40.646635 591.626525 566.11881 562.635674 563.989183 560.81321 554.278109 546.055307 657.9643 677.613527 621.498416 603.377213 528.990556 505.634649 486.343233 448.382353 435.643681 537.370942 468.450152 539.745945 563.396105 552.490523 514.154512 510.34027 457.587495 536.919466 532.982358 503.30918 490.495437 501.53242 477.754783 505.544185 565.738041 552.501472 514.624343 563.54543 569.437574 481.633783 521.66876 474.603865 523.717578 495.176394 495.016032 484.243298 527.408342 520.771948 476.170101 498.697656 484.061172 0.5289 0.0 0.5618 0.0 0.6578 0.0 0.588 0.0 0.6069 0.0 0.4005 0.0 0.196 0.0 0.178 0.0 0.1903 0.0 0.3082 0.0034 692.217154 329.819777 306.225107 324.998087 482.168461 556.311056 574.48249 616.56814 608.526415 607.91357 551.792741 478.509207 0.4621 0.0679 0.4058 0.2369 0.3413 0.3298 0.3085 0.0505 0.1733 0.0299 0.1897 0.0 0.1798 0.0 0.1712 0.0 0.2371 0.0 0.2274 0.0 0.2874 0.0 0.149 0.0 0.1731 0.0 0.1798 0.0 2.518396 6.484193 4.300914 2.664302 12.134991 4.883012 3.369537 4.062661 4.7025 0.617097 2.810652 1.939946 10.904927 41.966235 0.0 0.0 13.344373 10.382859 11.973766 2.583219 2.365415 2.570154 4.16369 4.759061
    2 155.804477 155.313294 151.748525 152.85431 153.359465 154.693732 165.064059 177.055809 187.331995 180.899783 161.410426 145.728006 140.585779 134.22602 129.495127 132.887462 153.79126 145.732529 167.758477 182.704316 179.671373 168.358478 159.433517 141.339329 17.192079 23.745031 19.119208 20.440497 18.320365 13.443202 14.175589 25.230274 0.0 0.0 0.0 0.350563 0.0 0.0 0.0 3.642387 0.0 0.419363 9.298878 30.472148 20.870378 15.197398 13.565004 8.606682 606.047456 504.995428 484.787774 475.098912 462.145154 484.298712 551.629222 633.71495 698.960996 622.449191 526.410293 415.106655 387.655982 369.418891 353.307457 360.15887 438.068427 511.879411 596.861636 617.946749 628.049805 626.608309 582.380619 498.172429 436.003674 414.164088 403.963031 361.368965 367.986812 346.455064 358.823861 416.947641 492.595774 485.304784 492.983621 478.151419 442.809957 447.81341 454.838975 471.800241 441.521091 493.740538 503.752987 487.989404 465.568102 483.960977 503.642779 459.097418 0.3086 0.0 0.4897 0.0 0.5438 0.0 0.5412 0.0 0.403 0.0 0.2769 0.0 0.35 0.0 0.527 0.0 0.7386 0.0 0.5645 0.0692 485.559168 471.007214 467.007376 498.543109 548.673567 624.139689 576.930059 628.62669 618.43522 609.275379 524.77628 523.859502 0.7087 0.1434 0.7502 0.3163 0.7119 0.0365 0.7306 0.172 0.766 0.0379 0.7851 0.0 0.7478 0.0 0.6229 0.0 0.8462 0.0 0.8789 0.0 0.8208 0.0 0.6498 0.0 0.632 0.0 0.7054 0.0 2.652629 7.473194 3.20389 2.590775 17.16917 3.458688 2.591569 3.19388 4.779597 0.0 0.383263 263.669243 257.867783 482.062071 7.458783 4.602883 0.0 9.525271 0.0 2.381277 2.036066 2.658878 4.353846 5.230533
    3 152.437614 157.30671 149.929095 155.931508 157.669966 159.422171 166.575934 166.97197 168.961138 162.306093 141.974006 116.684208 107.159482 104.629731 108.751528 118.089467 132.534951 145.879836 171.48612 167.162625 158.468558 156.821143 145.864856 144.737119 27.356848 10.775123 6.594171 2.570796 1.45964 0.071537 4.267707 27.57275 47.09622 0.0 0.715972 0.0 0.0 0.0 0.0 0.0 0.0 15.412213 30.769342 52.735758 31.738087 11.353998 6.557706 1.588278 556.126307 545.96718 527.910376 499.789574 483.745715 482.948962 537.110964 563.571586 616.703716 598.297713 417.450235 358.143118 336.572598 340.107119 290.792952 269.579542 393.267634 533.958749 550.747153 544.230307 555.351059 528.360154 543.479573 494.450497 517.34091 523.75373 475.920371 481.941146 480.37024 462.123936 484.849154 543.797132 542.986059 533.661831 483.348654 460.92106 456.422645 440.616102 445.484964 441.888952 490.243355 531.438426 537.493438 490.519759 423.424931 447.266094 451.10715 402.953373 0.3614 0.0 0.2377 0.0 0.347 0.0 0.2622 0.0 0.2499 0.0 0.0603 0.0 0.049 0.0 0.0394 0.0 0.0896 0.0 0.1956 0.1063 352.471171 336.758767 336.59272 359.170952 367.053727 520.029681 607.62635 641.114359 608.723011 578.855212 523.497442 441.002875 0.247 0.1546 0.1763 0.285 0.0724 0.0128 0.0904 0.1482 0.0904 0.0057 0.1263 0.0 0.1504 0.0 0.1688 0.0 0.171 0.0 0.1375 0.0 0.178 0.0 0.0896 0.0 0.0454 0.0 0.0488 0.0 2.696574 7.006005 5.193824 3.640755 12.533968 4.043465 2.449424 3.648009 4.953958 0.426937 1.643564 0.0 2.987891 62.565708 0.0 0.0 4.665494 8.541211 5.756022 2.677444 2.224115 2.540489 4.344502 4.553187
    4 155.804477 155.313294 151.748525 152.85431 153.359465 154.693732 165.064059 177.055809 187.331995 180.899783 161.410426 145.728006 140.585779 134.22602 129.495127 132.887462 153.79126 145.732529 167.758477 182.704316 179.671373 168.358478 159.433517 141.339329 17.192079 23.745031 19.119208 20.440497 18.320365 13.443202 14.175589 25.230274 0.0 0.0 0.0 0.350563 0.0 0.0 0.0 3.642387 0.0 0.419363 9.298878 30.472148 20.870378 15.197398 13.565004 8.606682 606.047456 504.995428 484.787774 475.098912 462.145154 484.298712 551.629222 633.71495 698.960996 622.449191 526.410293 415.106655 387.655982 369.418891 353.307457 360.15887 438.068427 511.879411 596.861636 617.946749 628.049805 626.608309 582.380619 498.172429 581.084433 547.596274 504.54018 478.831042 480.27353 485.469764 548.946033 554.55461 556.457468 567.603602 582.369556 591.005148 526.356601 521.538091 506.161125 480.947944 503.875697 465.410213 454.690769 482.69402 451.060478 416.421231 481.885476 399.899614 0.3669 0.0 0.3158 0.0 0.226 0.0 0.2447 0.0 0.4743 0.0 0.5198 0.0 0.541 0.0 0.6953 0.0 0.8028 0.0 0.7814 0.0509 514.807394 543.53161 502.541104 613.246886 648.468047 622.599737 646.351747 666.87349 753.913845 732.327539 672.135901 591.717708 0.7501 0.172 0.757 0.0508 0.5433 0.0897 0.4562 0.0034 0.5923 0.0018 0.6646 0.0 0.6078 0.0 0.426 0.0 0.5943 0.0 0.5749 0.0 0.4082 0.0 0.4799 0.0 0.4984 0.0 0.4186 0.0 1.377802 4.757034 2.527325 3.309379 7.023448 4.857598 4.881902 4.246805 4.340666 3.344659 2.741781 0.0 0.0 421.249606 37.280731 16.692792 2.681729 6.570862 0.0 4.410701 3.276294 4.227711 4.283962 4.165074
    5 157.808281 158.247554 152.931656 152.4217 154.064453 156.039167 164.071677 180.107805 188.526979 183.329929 181.781529 110.139465 99.158902 97.359364 103.037938 111.317244 124.885289 146.278766 161.094875 169.599519 171.655931 169.888912 161.943821 156.742852 19.344661 27.524329 23.359887 21.067844 17.295397 17.649519 9.967068 9.927323 14.314203 20.564207 7.32012 7.692959 5.903378 0.0 0.0 0.0 42.969129 0.0 0.0 27.592629 20.66315 6.235183 4.790914 0.0 577.603785 593.974279 557.564627 549.116626 535.313025 558.272149 545.687341 617.173718 631.913785 633.552286 601.545844 383.240568 339.59433 330.877814 327.291577 328.578934 374.088537 525.568244 559.30644 561.778913 552.998247 549.585384 533.024998 509.154587 539.756002 570.455023 541.205782 539.132914 513.332046 506.113714 431.533587 502.611176 511.181456 483.331486 494.910284 463.945056 436.234079 383.082871 413.796569 435.372433 402.798949 475.972537 478.086981 481.726358 479.557385 473.571709 491.75153 457.369736 0.26 0.0 0.346 0.0 0.3409 0.0 0.3132 0.0 0.2422 0.0 0.1916 0.0 0.0913 0.0 0.0672 0.0 0.2484 0.0 0.168 0.025 431.494596 416.886521 421.564234 455.510563 510.272215 611.15108 594.914153 637.10933 611.395811 544.581497 504.932182 560.817593 0.2423 0.0339 0.3041 0.2211 0.3188 0.5527 0.3337 0.036 0.2731 0.022 0.3984 0.0 0.3895 0.0 0.3557 0.0 0.3444 0.0 0.3128 0.0 0.2255 0.0 0.1485 0.0 0.0814 0.0 0.0739 0.0 2.933307 6.260448 4.736025 3.043801 9.719681 3.931999 2.884234 3.712009 4.352547 0.355999 1.198826 3.003539 0.0 287.747929 14.486534 11.298467 0.0 6.70611 3.142317 3.928414 4.206821 3.7556 4.387778 4.955024
    6 152.437614 157.30671 149.929095 155.931508 157.669966 159.422171 166.575934 166.97197 168.961138 162.306093 141.974006 116.684208 107.159482 104.629731 108.751528 118.089467 132.534951 145.879836 171.48612 167.162625 158.468558 156.821143 145.864856 144.737119 27.356848 10.775123 6.594171 2.570796 1.45964 0.071537 4.267707 27.57275 47.09622 0.0 0.715972 0.0 0.0 0.0 0.0 0.0 0.0 15.412213 30.769342 52.735758 31.738087 11.353998 6.557706 1.588278 556.126307 545.96718 527.910376 499.789574 483.745715 482.948962 537.110964 563.571586 616.703716 598.297713 417.450235 358.143118 336.572598 340.107119 290.792952 269.579542 393.267634 533.958749 550.747153 544.230307 555.351059 528.360154 543.479573 494.450497 517.34091 523.75373 475.920371 481.941146 480.37024 462.123936 484.849154 543.797132 542.986059 533.661831 483.348654 460.92106 456.422645 440.616102 445.484964 441.888952 490.243355 531.438426 537.493438 490.519759 423.424931 447.266094 451.10715 402.953373 0.3614 0.0 0.3838 0.0 0.4939 0.0 0.2332 0.0 0.0963 0.0 0.045 0.0 0.0316 0.0 0.1264 0.0 0.2082 0.0 0.3175 0.6287 525.223225 446.310312 288.208647 339.211773 361.017662 471.914735 554.554343 541.454765 494.415741 531.667322 488.411726 419.6494 0.2703 0.6932 0.2792 0.7711 0.1782 0.0814 0.2026 0.0939 0.261 0.5244 0.3565 0.0002 0.2039 0.0 0.1927 0.0 0.3006 0.0 0.3292 0.0 0.3695 0.0 0.2918 0.0 0.2423 0.0 0.0522 0.0 2.396507 6.718033 3.529979 3.189191 15.310557 0.0 1.868704 4.557688 3.975171 1.156896 0.0 8.614366 36.949133 14.749619 15.864222 11.417137 0.0 10.89675 0.0 2.439813 1.894239 2.634471 4.576335 5.820857
    7 155.804477 155.313294 151.748525 152.85431 153.359465 154.693732 165.064059 177.055809 187.331995 180.899783 161.410426 145.728006 140.585779 134.22602 129.495127 132.887462 153.79126 145.732529 167.758477 182.704316 179.671373 168.358478 159.433517 141.339329 17.192079 23.745031 19.119208 20.440497 18.320365 13.443202 14.175589 25.230274 0.0 0.0 0.0 0.350563 0.0 0.0 0.0 3.642387 0.0 0.419363 9.298878 30.472148 20.870378 15.197398 13.565004 8.606682 606.047456 504.995428 484.787774 475.098912 462.145154 484.298712 551.629222 633.71495 698.960996 622.449191 526.410293 415.106655 387.655982 369.418891 353.307457 360.15887 438.068427 511.879411 596.861636 617.946749 628.049805 626.608309 582.380619 498.172429 581.084433 547.596274 504.54018 478.831042 480.27353 485.469764 548.946033 554.55461 556.457468 567.603602 582.369556 591.005148 526.356601 521.538091 506.161125 480.947944 503.875697 465.410213 454.690769 482.69402 451.060478 416.421231 481.885476 399.899614 0.3669 0.0 0.3158 0.0 0.226 0.0 0.2447 0.0 0.4743 0.0 0.5198 0.0 0.541 0.0 0.6953 0.0 0.8028 0.0 0.7814 0.0509 514.807394 543.53161 502.541104 613.246886 648.468047 622.599737 646.351747 666.87349 753.913845 732.327539 672.135901 591.717708 0.7501 0.172 0.757 0.0508 0.5433 0.0897 0.4562 0.0034 0.5923 0.0018 0.6646 0.0 0.6078 0.0 0.426 0.0 0.5943 0.0 0.5749 0.0 0.4082 0.0 0.4799 0.0 0.4984 0.0 0.4186 0.0 1.377802 4.757034 2.527325 3.309379 7.023448 4.857598 4.881902 4.246805 4.340666 3.344659 2.741781 0.0 0.0 421.249606 37.280731 16.692792 2.681729 6.570862 0.0 4.410701 3.276294 4.227711 4.283962 4.165074
    8 152.437614 157.30671 149.929095 155.931508 157.669966 159.422171 166.575934 166.97197 168.961138 162.306093 141.974006 116.684208 107.159482 104.629731 108.751528 118.089467 132.534951 145.879836 171.48612 167.162625 158.468558 156.821143 145.864856 144.737119 27.356848 10.775123 6.594171 2.570796 1.45964 0.071537 4.267707 27.57275 47.09622 0.0 0.715972 0.0 0.0 0.0 0.0 0.0 0.0 15.412213 30.769342 52.735758 31.738087 11.353998 6.557706 1.588278 556.126307 545.96718 527.910376 499.789574 483.745715 482.948962 537.110964 563.571586 616.703716 598.297713 417.450235 358.143118 336.572598 340.107119 290.792952 269.579542 393.267634 533.958749 550.747153 544.230307 555.351059 528.360154 543.479573 494.450497 517.34091 523.75373 475.920371 481.941146 480.37024 462.123936 484.849154 543.797132 542.986059 533.661831 483.348654 460.92106 456.422645 440.616102 445.484964 441.888952 490.243355 531.438426 537.493438 490.519759 423.424931 447.266094 451.10715 402.953373 0.3614 0.0 0.3838 0.0 0.4939 0.0 0.4936 0.0 0.5133 0.0 0.2263 0.0 0.1645 0.0 0.2276 0.0 0.2503 0.0 0.289 0.0108 405.043458 394.60913 384.459978 404.189115 421.957714 531.769371 554.853624 601.198046 643.629452 620.640139 607.736831 546.836589 0.4461 0.0647 0.6776 0.3291 0.6027 0.0073 0.6048 0.043 0.6283 0.0117 0.723 0.0 0.6786 0.0 0.6773 0.0 0.7826 0.0 0.7803 0.0 0.7248 0.0 0.5845 0.0 0.6663 0.0 0.6431 0.0 2.932217 5.135207 5.336159 3.398996 2.633363 4.385049 2.68982 4.18763 4.481875 5.571129 7.459392 0.0 0.0 261.321785 5.85856 18.722391 1.194233 7.915259 2.271398 3.855789 3.95969 3.918682 4.306858 4.763008
    9 152.437614 157.30671 149.929095 155.931508 157.669966 159.422171 166.575934 166.97197 168.961138 162.306093 141.974006 116.684208 107.159482 104.629731 108.751528 118.089467 132.534951 145.879836 171.48612 167.162625 158.468558 156.821143 145.864856 144.737119 27.356848 10.775123 6.594171 2.570796 1.45964 0.071537 4.267707 27.57275 47.09622 0.0 0.715972 0.0 0.0 0.0 0.0 0.0 0.0 15.412213 30.769342 52.735758 31.738087 11.353998 6.557706 1.588278 556.126307 545.96718 527.910376 499.789574 483.745715 482.948962 537.110964 563.571586 616.703716 598.297713 417.450235 358.143118 336.572598 340.107119 290.792952 269.579542 393.267634 533.958749 550.747153 544.230307 555.351059 528.360154 543.479573 494.450497 517.34091 523.75373 475.920371 481.941146 480.37024 462.123936 484.849154 543.797132 542.986059 533.661831 483.348654 460.92106 456.422645 440.616102 445.484964 441.888952 490.243355 531.438426 537.493438 490.519759 423.424931 447.266094 451.10715 402.953373 0.3614 0.0 0.2377 0.0 0.1623 0.0 0.1096 0.0 0.1411 0.0 0.1007 0.0 0.0555 0.0 0.0702 0.0 0.08 0.0 0.1057 0.0088 493.32668 472.706353 531.517323 527.256981 562.764225 678.969014 641.278718 670.351237 575.39646 568.390427 564.979577 498.978391 0.1238 0.0054 0.1242 0.189 0.1131 0.0144 0.1347 0.0049 0.1347 0.0008 0.1838 0.0 0.1677 0.0 0.102 0.0 0.0833 0.0 0.1035 0.0 0.1597 0.0 0.1436 0.0 0.1663 0.0 0.0852 0.0 2.550429 6.282132 4.090638 3.116886 11.427756 5.148178 2.966077 4.026982 4.454311 0.534197 1.982188 16.019877 25.049255 0.0 5.557139 3.086173 0.0 10.2125 0.0 2.467289 2.061459 2.691501 4.243377 4.975445
   10 152.437614 157.30671 149.929095 155.931508 157.669966 159.422171 166.575934 166.97197 168.961138 162.306093 141.974006 116.684208 107.159482 104.629731 108.751528 118.089467 132.534951 145.879836 171.48612 167.162625 158.468558 156.821143 145.864856 144.737119 27.356848 10.775123 6.594171 2.570796 1.45964 0.071537 4.267707 27.57275 47.09622 0.0 0.715972 0.0 0.0 0.0 0.0 0.0 0.0 15.412213 30.769342 52.735758 31.738087 11.353998 6.557706 1.588278 556.126307 545.96718 527.910376 499.789574 483.745715 482.948962 537.110964 563.571586 616.703716 598.297713 417.450235 358.143118 336.572598 340.107119 290.792952 269.579542 393.267634 533.958749 550.747153 544.230307 555.351059 528.360154 543.479573 494.450497 517.34091 523.75373 475.920371 481.941146 480.37024 462.123936 484.849154 543.797132 542.986059 533.661831 483.348654 460.92106 456.422645 440.616102 445.484964 441.888952 490.243355 531.438426 537.493438 490.519759 423.424931 447.266094 451.10715 402.953373 0.3614 0.0 0.3838 0.0 0.4939 0.0 0.4936 0.0 0.5133 0.0 0.2263 0.0 0.1645 0.0 0.2276 0.0 0.2503 0.0 0.289 0.0108 405.043458 394.60913 384.459978 404.189115 421.957714 531.769371 554.853624 601.198046 643.629452 620.640139 607.736831 546.836589 0.4461 0.0647 0.6776 0.3291 0.6027 0.0073 0.1382 0.4777 0.1455 0.0299 0.1336 0.0 0.1159 0.0 0.0809 0.0 0.1391 0.0 0.1499 0.0 0.0997 0.0 0.0731 0.0 0.0744 0.0 0.047 0.0 3.008488 5.581485 5.669318 3.769506 1.017918 7.092121 2.965169 4.558384 5.393801 1.453768 7.073368 2.830184 12.330586 0.0 0.0 0.0 0.0 9.260692 0.0 2.752088 2.02936 2.899311 4.793409 5.74839
;
param Prob0 :=
    1 0.1
    2 0.1
    3 0.1
    4 0.2
    5 0.1
    6 0.1
    7 0.0
    8 0.1
    9 0.1
    10 0.1
;
set c[0,5] := 1 2 3 4 5 6 7 8 9 10;
set c[1,5] := 5;
set c[1,9] := 3 6 8 9 10;
set c[1,7] := 1 2 4 7;
set c[2,5] := 5;
set c[2,10] := 3 6 8 9 10;
set c[2,4] := 2 4 7;
set c[2,1] := 1;
set c[3,5] := 5;
set c[3,8] := 3 6 8 9 10;
set c[3,4] := 2 4 7;
set c[3,1] := 1;
set c[4,5] := 5;
set c[4,9] := 3 6 8 9 10;
set c[4,7] := 4 7;
set c[4,1] := 1;
set c[4,2] := 2;
set c[5,5] := 5;
set c[5,3] := 3 6 8 9 10;
set c[5,4] := 4 7;
set c[5,1] := 1;
set c[5,2] := 2;
set c[6,5] := 5;
set c[6,6] := 6 8 10;
set c[6,4] := 4 7;
set c[6,1] := 1;
set c[6,2] := 2;
set c[6,3] := 3 9;
set c[7,5] := 5;
set c[7,10] := 6 8 10;
set c[7,4] := 4 7;
set c[7,1] := 1;
set c[7,2] := 2;
set c[7,3] := 3;
set c[7,9] := 9;
set c[8,5] := 5;
set c[8,8] := 8 10;
set c[8,4] := 4 7;
set c[8,1] := 1;
set c[8,2] := 2;
set c[8,3] := 3;
set c[8,9] := 9;
set c[8,6] := 6;
set c[9,5] := 5;
set c[9,8] := 8 10;
set c[9,4] := 4 7;
set c[9,1] := 1;
set c[9,2] := 2;
set c[9,3] := 3;
set c[9,9] := 9;
set c[9,6] := 6;
set c[10,5] := 5;
set c[10,8] := 8 10;
set c[10,4] := 4 7;
set c[10,1] := 1;
set c[10,2] := 2;
set c[10,3] := 3;
set c[10,9] := 9;
set c[10,6] := 6;
set c[11,5] := 5;
set c[11,8] := 8 10;
set c[11,4] := 4 7;
set c[11,1] := 1;
set c[11,2] := 2;
set c[11,3] := 3;
set c[11,9] := 9;
set c[11,6] := 6;
set c[12,5] := 5;
set c[12,8] := 8 10;
set c[12,4] := 4 7;
set c[12,1] := 1;
set c[12,2] := 2;
set c[12,3] := 3;
set c[12,9] := 9;
set c[12,6] := 6;
set c[13,5] := 5;
set c[13,8] := 8 10;
set c[13,4] := 4 7;
set c[13,1] := 1;
set c[13,2] := 2;
set c[13,3] := 3;
set c[13,9] := 9;
set c[13,6] := 6;
set c[14,5] := 5;
set c[14,8] := 8 10;
set c[14,4] := 4 7;
set c[14,1] := 1;
set c[14,2] := 2;
set c[14,3] := 3;
set c[14,9] := 9;
set c[14,6] := 6;
set c[15,5] := 5;
set c[15,8] := 8 10;
set c[15,4] := 4 7;
set c[15,1] := 1;
set c[15,2] := 2;
set c[15,3] := 3;
set c[15,9] := 9;
set c[15,6] := 6;
set c[16,5] := 5;
set c[16,8] := 8 10;
set c[16,4] := 4 7;
set c[16,1] := 1;
set c[16,2] := 2;
set c[16,3] := 3;
set c[16,9] := 9;
set c[16,6] := 6;
set c[17,5] := 5;
set c[17,8] := 8 10;
set c[17,4] := 4 7;
set c[17,1] := 1;
set c[17,2] := 2;
set c[17,3] := 3;
set c[17,9] := 9;
set c[17,6] := 6;
set c[18,5] := 5;
set c[18,8] := 8 10;
set c[18,4] := 4 7;
set c[18,1] := 1;
set c[18,2] := 2;
set c[18,3] := 3;
set c[18,9] := 9;
set c[18,6] := 6;
set c[19,5] := 5;
set c[19,8] := 8;
set c[19,10] := 10;
set c[19,4] := 4 7;
set c[19,1] := 1;
set c[19,2] := 2;
set c[19,3] := 3;
set c[19,9] := 9;
set c[19,6] := 6;
set c[20,5] := 5;
set c[20,8] := 8;
set c[20,10] := 10;
set c[20,4] := 4 7;
set c[20,1] := 1;
set c[20,2] := 2;
set c[20,3] := 3;
set c[20,9] := 9;
set c[20,6] := 6;
set c[21,5] := 5;
set c[21,8] := 8;
set c[21,10] := 10;
set c[21,4] := 4 7;
set c[21,1] := 1;
set c[21,2] := 2;
set c[21,3] := 3;
set c[21,9] := 9;
set c[21,6] := 6;
set c[22,5] := 5;
set c[22,8] := 8;
set c[22,10] := 10;
set c[22,4] := 4 7;
set c[22,1] := 1;
set c[22,2] := 2;
set c[22,3] := 3;
set c[22,9] := 9;
set c[22,6] := 6;
set c[23,5] := 5;
set c[23,8] := 8;
set c[23,10] := 10;
set c[23,4] := 4 7;
set c[23,1] := 1;
set c[23,2] := 2;
set c[23,3] := 3;
set c[23,9] := 9;
set c[23,6] := 6;
set c[24,5] := 5;
set c[24,8] := 8;
set c[24,10] := 10;
set c[24,4] := 4 7;
set c[24,1] := 1;
set c[24,2] := 2;
set c[24,3] := 3;
set c[24,9] := 9;
set c[24,6] := 6;
set c[25,5] := 5;
set c[25,8] := 8;
set c[25,10] := 10;
set c[25,4] := 4 7;
set c[25,1] := 1;
set c[25,2] := 2;
set c[25,3] := 3;
set c[25,9] := 9;
set c[25,6] := 6;
set c[26,5] := 5;
set c[26,8] := 8;
set c[26,10] := 10;
set c[26,4] := 4 7;
set c[26,1] := 1;
set c[26,2] := 2;
set c[26,3] := 3;
set c[26,9] := 9;
set c[26,6] := 6;
set c[27,5] := 5;
set c[27,8] := 8;
set c[27,10] := 10;
set c[27,4] := 4 7;
set c[27,1] := 1;
set c[27,2] := 2;
set c[27,3] := 3;
set c[27,9] := 9;
set c[27,6] := 6;
set c[28,5] := 5;
set c[28,8] := 8;
set c[28,10] := 10;
set c[28,4] := 4 7;
set c[28,1] := 1;
set c[28,2] := 2;
set c[28,3] := 3;
set c[28,9] := 9;
set c[28,6] := 6;
set c[29,5] := 5;
set c[29,8] := 8;
set c[29,10] := 10;
set c[29,4] := 4 7;
set c[29,1] := 1;
set c[29,2] := 2;
set c[29,3] := 3;
set c[29,9] := 9;
set c[29,6] := 6;
set c[30,5] := 5;
set c[30,8] := 8;
set c[30,10] := 10;
set c[30,4] := 4 7;
set c[30,1] := 1;
set c[30,2] := 2;
set c[30,3] := 3;
set c[30,9] := 9;
set c[30,6] := 6;
