1 0.1 1.0970750000000007 0.7833499999999993 0.8338375 1.1700625 1.2399612500000028 1.1218774999999996 1.074125 0.0 5.27236625 0.0 0.6060606060606055 0.0 6.110671166666677 0.0 1.613935833333337 0.0 3.3553074999999986 0.0 2.6198874999999995 2.8950437500000015 2.2721112500000005 6.379419249999996 3.3902750000000017 1.7306649999999995
2 0.1 2.7723375 0.7833499999999993 0.7909750000000032 0.8772624999999998 1.003068750000008 1.1218774999999992 1.074125 0.0 0.0 0.20759499999999972 4.993936499999978 0.0 6.110671166666677 0.0 3.4920640833333305 0.0 2.1053075 2.4368674999999986 1.8953116666666667 2.895043750000001 2.2721112500000005 7.1354382499999955 3.3902750000000017 1.5712009375000044
3 0.1 2.7723375 0.7833499999999993 0.7909750000000005 0.8772624999999998 1.0030687500000004 1.121877499999999 1.074125 0.0 0.0 0.20759499999999972 4.993936499999977 0.0 6.110671166666677 0.0 3.4920640833333305 0.0 2.1053075 2.4368674999999986 1.8953116666666667 2.895043750000001 2.2721112500000005 7.1354382499999955 3.3902750000000017 1.5712009375000044
4 0.1 2.217870000000001 0.7833499999999993 0.7909750000000005 0.1739739999999996 0.0 0.0 0.9667812499999986 0.0 1.242935653409091 5.25949375 0.0 0.0 6.110671166666677 0.0 1.613935833333337 0.0 3.3553074999999986 0.0 2.6198874999999995 2.895043750000001 2.6342624999999997 7.1354382499999955 2.9671112500000008 0.0
5 0.1 2.217870000000001 0.573927 0.7909750000000005 0.1739739999999996 0.0 1.1218774999999996 0.9667812499999986 0.0 5.272366250000002 1.3054154166666632 0.6060606060606055 0.0 6.110671166666678 0.0 3.4920640833333305 0.0 3.3553074999999986 2.4368674999999995 2.6198874999999995 3.273475000000001 2.6342624999999997 7.135438249999996 3.390275000000002 1.7306649999999992
6 0.1 2.217870000000001 0.5739270000000001 0.7909750000000004 0.17397399999999957 0.0 1.1218774999999996 0.9667812499999986 0.0 5.272366250000002 1.3054154166666632 0.6060606060606055 0.0 6.110671166666678 0.0 3.4920640833333305 0.0 3.3553074999999986 2.4368674999999995 2.6198874999999995 3.273475000000001 2.6342624999999997 7.135438249999996 3.390275000000002 1.7306649999999992
7 0.1 2.217870000000001 0.5739270000000001 0.7909750000000004 0.1739739999999996 0.0 1.1218774999999996 0.9667812499999994 0.0 5.272366250000002 1.3054154166666632 0.6060606060606055 0.0 6.110671166666678 0.0 3.4920640833333305 0.0 3.3553074999999986 2.4368674999999995 2.6198874999999995 3.273475 2.6342624999999997 7.135438249999996 3.390275000000002 1.7306649999999995
8 0.1 2.217870000000001 0.573927 0.7909750000000004 0.1739739999999996 0.0 1.1218774999999996 0.9667812499999994 0.0 5.272366250000002 1.3054154166666632 0.6060606060606055 0.0 6.110671166666677 0.0 3.4920640833333305 0.0 3.3553074999999986 2.4368674999999986 2.6198874999999995 3.273475 2.6342624999999997 7.135438249999996 3.390275000000002 1.7306649999999995
9 0.1 2.7723375 0.7833499999999993 0.7909750000000005 0.8772624999999998 1.003068750000008 1.1218774999999988 1.074125 0.0 0.0 0.20759499999999972 4.993936499999977 0.0 6.110671166666677 0.0 3.4920640833333305 0.0 2.1053075000000003 2.4368674999999995 1.8953116666666665 2.895043750000001 2.2721112500000005 7.1354382499999955 3.3902750000000017 1.5712009375000044
10 0.1 1.0970750000000007 1.75 0.8338375 1.1700625 1.417652734375 1.1218774999999996 1.074125 1.0173323863636363 1.242935653409091 1.3054154166666632 0.6060606060606055 0.0 6.110671166666677 0.0 1.613935833333337 0.0 3.296175000000001 1.9431125000000016 2.6198874999999986 3.273475000000001 3.671799750000004 7.135438249999996 3.390275000000002 1.7306649999999995
