1 0.1 0.0 0.0 0.0 0.0 0.0 0.0 0.0 3.3814729999999864 0.0 1.818181818181824 0.0 3.77146 0.0 2.754312500000001 0.0 2.890758333333321 0.0 2.6503250000000023 0.0 0.0 0.0 0.0 0.0 0.0
2 0.1 0.0 0.0 0.0 0.0 0.0 0.0 0.0 3.3814729999999864 0.1 0.0 0.0 2.841466666666668 0.0 2.7543125000000037 0.0 2.890758333333322 0.0 0.0 0.0 0.0 0.0 0.0 0.0 0.0
3 0.1 0.0 0.0 0.0 0.0 0.0 0.0 0.0 3.381472999999987 0.1 0.0 0.0 2.841466666666668 0.0 2.7543125000000037 0.0 2.890758333333322 0.0 0.0 0.0 0.0 0.0 0.0 0.0 0.0
4 0.1 0.0 0.0 0.0 0.0 0.1 1.1705364417613655 0.0 3.3814729999999864 0.0 0.0 4.0 3.77146 0.0 2.7543125000000024 0.0 2.890758333333321 0.0 2.6503250000000023 0.0 0.0 0.0 0.0 0.0 1.665311041666661
5 0.1 0.0 0.0 0.0 0.0 3.1975450000000016 0.0 0.0 0.9574988888888858 0.0 0.0 0.0 2.841466666666668 0.0 2.7543125000000037 0.0 2.558741666666668 0.0 0.0 0.0 0.0 0.0 0.0 0.0 0.0
6 0.1 0.0 0.0 0.0 0.0 3.1975450000000016 0.0 0.0 0.9574988888888858 0.0 0.0 0.0 2.841466666666668 0.0 2.7543125000000037 0.0 2.558741666666668 0.0 0.0 0.0 0.0 0.0 0.0 0.0 0.0
7 0.1 0.0 0.0 0.0 0.0 3.1975450000000016 0.0 0.0 0.9574988888888858 0.0 0.0 0.0 2.841466666666668 0.0 2.7543125000000037 0.0 2.558741666666668 0.0 0.0 0.0 0.0 0.0 0.0 0.0 0.0
8 0.1 0.0 0.0 0.0 0.0 3.1975450000000016 0.0 0.0 0.9574988888888858 0.0 0.0 0.0 2.841466666666668 0.0 2.7543125000000037 0.0 2.558741666666668 0.0 0.0 0.0 0.0 0.0 0.0 0.0 0.0
9 0.1 0.0 0.0 0.0 0.0 0.0 0.0 0.0 3.3814729999999864 0.1 0.0 0.0 2.841466666666668 0.0 2.7543125000000037 0.0 2.890758333333322 0.0 0.0 0.0 0.0 0.0 0.0 0.0 0.0
10 0.1 0.0 0.0 0.0 0.0 0.0 0.0 0.0 0.0 0.0 0.0 0.0 3.77146 0.0 2.7543125000000024 0.0 3.0239175000000005 0.0 0.0 0.0 0.0 0.0 0.0 0.0 0.0
