1 0.1 4.437380000000001 4.366092999999999 4.1517195000000005 4.0 4.380401250000003 4.0 4.085874999999995 0.22316406250000087 8.0 2.1818181818181825 4.6060606060606055 0.24165893560605367 7.806876933333341 0.3755599999999988 4.479173000000005 0.33019333333334355 6.288493099999982 0.0 4.895015000000008 4.0 4.0 7.180672399999997 4.3385310000000015 3.377242
2 0.1 5.4 4.0 4.0 4.0 4.0 4.0 4.0 0.45955700000001354 3.9 4.0 7.883139199999983 0.0 6.972286933333342 0.0 5.056928266666666 0.0 4.0 4.0 4.0 4.0 4.0 7.785487599999997 4.008060000000001 2.5518707500000035
3 0.1 5.4 4.0 4.0 4.0 4.0 4.0 4.0 0.45955700000001354 3.9 4.0 7.883139199999983 0.0 6.972286933333342 0.0 5.056928266666666 0.0 4.0 4.0 4.0 4.0 4.0 7.785487599999997 4.008060000000001 2.5518707500000035
4 0.1 4.735126000000001 4.599959999999999 3.9506620000000003 4.1391792 3.9 3.0635708465909075 4.0 0.0 4.994348522727273 8.0 0.2983359999999746 0.9828320000000001 7.209402933333343 0.694824999999998 5.29114866666667 0.5310900000000149 6.684245999999998 0.6825599999999974 5.90301 4.0 4.289720999999999 7.785487599999996 4.0 1.3565867500000066
5 0.1 5.4 4.0 4.0 3.386507 0.0 4.0 4.0 2.4846573333333373 8.0 4.83673733333333 4.0 0.0 7.143071733333337 0.0 5.056928266666664 0.0 5.0 4.0 3.75 4.0 4.0 7.683430599999998 4.3006110000000035 2.972547999999999
6 0.1 5.4 4.0 4.0 3.386507 0.0 4.0 4.0 2.4846573333333373 8.0 4.83673733333333 4.0 0.0 7.143071733333337 0.0 5.056928266666664 0.0 5.0 4.0 3.75 4.0 4.0 7.683430599999998 4.3006110000000035 2.972547999999999
7 0.1 5.4 4.0 4.0 3.386507 0.0 4.0 4.0 2.4846573333333373 8.0 4.83673733333333 4.0 0.0 7.143071733333337 0.0 5.056928266666664 0.0 5.0 4.0 3.75 4.0 4.0 7.683430599999998 4.3006110000000035 2.972547999999999
8 0.1 5.4 4.0 4.0 3.386507 0.0 4.0 4.0 2.4846573333333373 8.0 4.83673733333333 4.0 0.0 7.143071733333337 0.0 5.056928266666664 0.0 5.0 4.0 3.75 4.0 4.0 7.683430599999998 4.3006110000000035 2.972547999999999
9 0.1 5.4 4.0 4.0 4.0 4.0 4.0 4.0 0.45955700000001354 3.9 4.0 7.883139199999983 0.0 6.972286933333342 0.0 5.056928266666666 0.0 4.0 4.0 4.0 4.0 4.0 7.785487599999997 4.008060000000001 2.5518707500000035
10 0.1 4.0 5.4 4.0 4.0 3.9194921875 4.0 4.085875 3.960965909090909 4.009758522727273 4.0 4.0 0.0 8.0 0.0 4.2 0.0 5.0 3.8532600000000006 3.862319999999999 4.034420000000001 4.771809800000002 7.385520599999998 4.0 2.7947319999999998
