1 0.1 3.562619999999999 3.6339070000000007 3.8482804999999995 4.0 3.619598749999997 4.0 3.9141250000000043 7.7768359375 0.0 5.8181818181818175 3.393939393939394 7.758341064393946 0.1931230666666588 7.624440000000002 3.5208269999999957 7.6698066666666564 1.711506900000018 8.0 3.104984999999992 4.0 4.0 0.8193276000000025 3.6614689999999985 4.622758
2 0.1 2.6 4.0 4.0 4.0 4.0 4.0 4.0 7.5404429999999865 4.1 4.0 0.1168608000000173 8.0 1.0277130666666578 8.0 2.9430717333333343 7.293805250000003 4.0 4.0 4.0 4.0 4.0 0.21451240000000382 3.661468999999999 5.155023249999997
3 0.1 2.6 4.0 4.0 4.0 4.0 4.0 4.0 7.5404429999999865 4.1 4.0 0.1168608000000173 8.0 1.0277130666666578 8.0 2.9430717333333343 7.293805250000003 4.0 4.0 4.0 4.0 4.0 0.21451240000000382 3.661468999999999 5.155023249999997
4 0.1 3.264873999999999 3.400040000000001 4.049338 3.8608208 4.1 4.936429153409093 4.0 8.0 3.0056514772727274 0.0 7.701664000000026 7.017168 0.7905970666666571 7.305175000000002 2.7088513333333304 7.468909999999985 1.3157540000000014 7.317440000000003 2.0969900000000004 4.0 3.7102790000000008 0.21451240000000338 1.1410776000000213 6.643413249999993
5 0.1 2.6 4.0 4.0 4.613493 8.0 4.0 4.0 5.432428666666663 0.0 3.1632626666666694 4.0 8.0 0.7905970666666593 8.0 2.943071733333336 8.0 3.0 4.0 4.25 3.9620800000000003 4.0 0.3165694000000019 3.661468999999998 5.027452000000001
6 0.1 2.6 4.0 4.0 4.613493 8.0 4.0 4.0 5.432428666666663 0.0 3.1632626666666694 4.0 8.0 0.7905970666666593 8.0 2.943071733333336 8.0 3.0 4.0 4.25 3.9620800000000003 4.0 0.3165694000000019 3.661468999999998 5.027452000000001
7 0.1 2.6 4.0 4.0 4.613493 8.0 4.0 4.0 5.432428666666663 0.0 3.1632626666666694 4.0 8.0 0.7905970666666593 8.0 2.943071733333336 8.0 3.0 4.0 4.25 3.9620800000000003 4.0 0.3165694000000019 3.661468999999998 5.027452000000001
8 0.1 2.6 4.0 4.0 4.613493 8.0 4.0 4.0 5.432428666666663 0.0 3.1632626666666694 4.0 8.0 0.7905970666666593 8.0 2.943071733333336 8.0 3.0 4.0 4.25 3.9620800000000003 4.0 0.3165694000000019 3.661468999999998 5.027452000000001
9 0.1 2.6 4.0 4.0 4.0 4.0 4.0 4.0 7.5404429999999865 4.1 4.0 0.1168608000000173 8.0 1.0277130666666578 8.0 2.9430717333333343 7.293805250000003 4.0 4.0 4.0 4.0 4.0 0.21451240000000382 3.661468999999999 5.155023249999997
10 0.1 4.0 2.6 4.0 4.0 4.0805078125 4.0 3.9141250000000003 4.039034090909091 3.9902414772727273 4.0 4.0 8.0 0.0 8.0 3.8 8.0 3.0 4.146739999999999 4.137680000000001 3.9655799999999997 3.2281901999999976 0.6144794000000022 4.0 5.205268
