1 0.1 0.21941500000000014 0.0 0.1667675 0.2340125 0.24799225000000055 0.0 0.0 0.2809316624999849 0.0 0.36363636363636376 0.1212121212121211 0.754292 1.2221342333333354 0.5508625000000003 0.3227871666666674 0.5781516666666642 0.1204655999999833 0.5300650000000005 -0.5239774999999999 -0.5790087500000003 -0.45442225000000014 -1.2758838499999994 -0.6780550000000004 -0.3461329999999999 
2 0.1 0.0 0.0 0.0 0.0 0.0 0.0 0.0 0.6762945999999964 0.019999999999999487 0.041518999999999945 -0.9987872999999956 0.5682933333333337 -1.2221342333333354 0.5508625000000019 -0.6984128166666661 0.4716243333333226 -0.4210615 -0.48737349999999974 0.37906233333333345 -0.5790087500000008 -0.45442225000000014 -1.4270876499999992 -0.6780550000000004 0.31424018750000093 
3 0.1 0.0 0.0 0.0 0.0 0.0 0.0 0.0 0.6762945999999964 0.019999999999999487 0.04151899999999992 -0.9987872999999955 0.5682933333333337 -1.2221342333333354 0.5508625000000019 -0.6984128166666661 0.4716243333333226 -0.4210615 -0.48737349999999974 0.37906233333333345 -0.5790087500000008 -0.45442225000000014 -1.4270876499999992 -0.6780550000000004 0.31424018750000093 
4 0.1 0.0 0.0 0.0 0.0 0.019999999999999282 0.23410728835227312 0.0 0.05776759999998371 0.0 0.0 0.8 0.754292 1.2221342333333354 -0.5508625000000005 -0.3227871666666674 -0.5781516666666642 -0.6710614999999998 -0.5300650000000005 -0.5239774999999999 -0.5790087500000002 0.5268525 1.4270876499999992 0.5934222500000002 -0.3330622083333322 
5 0.1 0.4435740000000002 -0.1147854 -0.1581950000000001 0.03479479999999992 0.6395090000000012 0.0 0.0 0.0 0.0 0.0 0.0121715151515156 0.5682933333333333 1.2221342333333356 0.5508625000000036 -0.6984128166666661 0.13960766666666646 -0.6710614999999998 -0.48737350000000035 0.5239774999999999 0.654695 -0.5268525 1.4270876499999994 0.6780550000000005 -0.34613299999999986 
6 0.1 0.4435740000000002 -0.1147854 -0.1581950000000001 0.03479479999999992 0.6395090000000012 0.0 0.0 0.0 0.0 0.0 0.0121715151515156 0.5682933333333333 1.2221342333333356 0.5508625000000036 -0.6984128166666661 0.13960766666666646 -0.6710614999999998 -0.48737350000000035 0.5239774999999999 0.654695 -0.5268525 1.4270876499999994 0.6780550000000005 -0.34613299999999986 
7 0.1 0.4435740000000002 -0.1147854 -0.1581950000000001 0.03479479999999992 0.6395090000000003 0.0 0.0 0.0 0.0 0.0 0.0121715151515156 0.5682933333333333 1.2221342333333356 0.5508625000000036 -0.6984128166666661 0.13960766666666646 -0.6710614999999998 -0.48737350000000035 0.5239774999999999 0.654695 -0.5268525 1.4270876499999994 0.6780550000000005 -0.3461329999999997 
8 0.1 0.4435740000000002 -0.1147854 -0.1581950000000001 0.03479479999999992 0.6395090000000003 0.0 0.0 0.0 0.0 0.0 0.0121715151515156 0.5682933333333333 1.2221342333333356 0.5508625000000036 -0.6984128166666661 0.13960766666666646 -0.6710614999999998 -0.48737350000000035 0.5239774999999999 0.654695 -0.5268525 1.4270876499999994 0.6780550000000005 -0.3461329999999997 
9 0.1 0.0 0.0 0.0 0.0 0.0 0.0 0.0 0.6762945999999964 0.019999999999999487 0.04151899999999992 -0.9987872999999947 0.5682933333333337 -1.2221342333333354 0.5508625000000019 -0.6984128166666661 0.4716243333333226 -0.4210615 -0.48737349999999974 0.37906233333333345 -0.5790087500000008 -0.45442225000000014 -1.4270876499999992 -0.6780550000000004 0.31424018750000093 
10 0.1 0.0 0.0 0.0 0.0 0.0 0.0 0.0 0.0 0.0 0.19098766666666975 0.0 0.754292 -0.4315371666666774 -0.5508625000000005 -0.3227871666666674 -0.6047835000000001 -0.6592350000000002 -0.3886225000000003 -0.5239774999999998 -0.6546950000000002 -0.734359950000001 -1.4270876499999994 -0.6780550000000005 -0.3461329999999999 
