1 0.1 0.0 0.15666999999999986 -0.1667675 -0.2340125 -0.24799225000000055 -0.22437549999999995 -0.21482500000000002 -0.6762945999999973 -1.05447325 -0.3636363636363648 -0.1212121212121211 0.42071893560605345 -1.2221342333333354 -0.5508625000000001 -0.3227871666666674 -0.5781516666666642 -0.6710614999999998 -0.5300650000000005 0.5239774999999999 0.5790087500000003 0.45442225000000014 1.2758838499999994 0.6780550000000003 0.3461329999999999 
2 0.1 -0.5544675 -0.15666999999999984 -0.15819500000000064 -0.17545249999999998 -0.20061375000000792 -0.22437549999999978 -0.21482500000000002 -0.6762945999999973 -0.019999999999999487 -0.041518999999999945 0.0 -0.5682933333333337 1.2221342333333354 -0.5508625000000008 -0.6984128166666661 -0.5781516666666645 -0.4210615000000001 -0.48737349999999974 -0.3790623333333334 0.5790087500000002 0.45442225000000014 1.4270876499999992 0.6780550000000004 -0.31424018750000093 
3 0.1 -0.5544675 -0.15666999999999984 -0.15819500000000064 -0.17545249999999998 -0.20061375000000642 -0.22437549999999976 -0.21482500000000002 -0.6762945999999973 -0.019999999999999487 -0.041518999999999945 0.0 -0.5682933333333337 1.2221342333333354 -0.5508625000000008 -0.6984128166666661 -0.5781516666666645 -0.4210615000000001 -0.48737349999999974 -0.3790623333333334 0.5790087500000002 0.45442225000000014 1.4270876499999992 0.6780550000000004 -0.31424018750000093 
4 0.1 -0.4435740000000002 -0.15666999999999986 -0.1581950000000001 -0.034794799999999924 -0.019999999999999487 0.0 -0.19335624999999973 -0.6762945999999973 -0.2485871306818182 -1.05189875 -0.5016640000000248 0.754292 -1.2221342333333354 -0.5508625000000005 -0.3227871666666674 -0.5781516666666642 -0.6710614999999998 -0.5300650000000005 -0.5239774999999999 -0.5790087500000002 -0.5268525 -1.4270876499999992 -0.5934222500000002 -0.3330622083333322 
5 0.1 -0.4435740000000004 0.11478540000000002 0.049337999999999466 -0.034794799999999924 -0.6395090000000003 -0.22437549999999995 -0.19335624999999987 -0.19149977777777716 -1.0544732500000005 -0.26108308333333263 -0.1212121212121211 -0.265103333333331 -1.2221342333333356 -0.5508625000000008 -0.6984128166666661 -0.5117483333333336 -0.6710614999999998 -0.4873734999999999 -0.5239774999999999 -0.654695 0.5268525 -1.4270876499999994 -0.6780550000000005 0.34613299999999986 
6 0.1 -0.4435740000000004 0.11478540000000002 0.049337999999999466 -0.034794799999999924 -0.6395090000000003 -0.22437549999999995 -0.19335624999999987 -0.19149977777777716 -1.0544732500000005 -0.26108308333333263 -0.1212121212121211 -0.265103333333331 -1.2221342333333356 -0.5508625000000008 -0.6984128166666661 -0.5117483333333336 -0.6710614999999998 -0.4873734999999999 -0.5239774999999999 -0.654695 0.5268525 -1.4270876499999994 -0.6780550000000005 0.34613299999999986 
7 0.1 -0.4435740000000004 0.11478540000000002 0.049337999999999466 -0.034794799999999924 -0.6395090000000003 -0.22437549999999995 -0.1933562499999999 -0.19149977777777716 -1.0544732500000005 -0.26108308333333263 -0.1212121212121211 -0.265103333333331 -1.2221342333333356 -0.5508625000000008 -0.6984128166666661 -0.5117483333333336 -0.6710614999999998 -0.4873734999999999 -0.5239774999999999 -0.654695 0.5268525 -1.4270876499999994 -0.6780550000000005 0.34613299999999986 
8 0.1 -0.44357400000000036 0.11478540000000002 0.049337999999999466 -0.034794799999999924 -0.6395090000000003 -0.22437549999999995 -0.1933562499999999 -0.19149977777777716 -1.0544732500000005 -0.26108308333333263 -0.1212121212121211 -0.265103333333331 -1.2221342333333356 -0.5508625000000008 -0.6984128166666661 -0.5117483333333336 -0.6710614999999998 -0.48737349999999974 -0.5239774999999999 -0.654695 0.5268525 -1.4270876499999994 -0.6780550000000005 0.34613299999999986 
9 0.1 -0.5544675 -0.15666999999999986 -0.15819500000000064 -0.17545249999999998 -0.20061375000000642 -0.22437549999999976 -0.21482500000000002 -0.6762945999999973 -0.01999999999999949 -0.041518999999999945 0.0 -0.5682933333333337 1.2221342333333354 -0.5508625000000008 -0.6984128166666661 -0.5781516666666645 -0.4210615000000001 -0.48737349999999974 -0.3790623333333334 0.5790087500000002 0.45442225000000014 1.4270876499999992 0.6780550000000004 -0.31424018750000093 
10 0.1 -0.21941500000000008 -0.35 -0.1667675 -0.2340125 -0.283530546875 -0.22437549999999995 -0.21482500000000002 -0.20346647727272726 -0.2485871306818182 -0.26108308333333263 0.1212121212121211 0.754292 1.2221342333333354 0.5508625000000005 0.3227871666666674 0.6047835000000001 -0.6592350000000002 0.3886225000000003 0.5239774999999998 0.6546950000000002 0.7343599500000009 1.4270876499999994 0.6780550000000005 -0.3461329999999999 
