1 0.1 0 0 0 0 0 0 0 0 0 0 0 -0.754292 -1.2221342333333354 0.5508625000000001 0.3227871666666674 0.5781516666666642 0.6710614999999998 0.5300650000000005 0.5239774999999999 -0.5790087500000003 -0.45442225000000014 -1.2758838499999994 -0.6780550000000006 -0.3461329999999999 
2 0.1 0 0 0 0 0 0 0 0 0 0 0 -0.5682933333333337 -1.2221342333333354 0.5508625000000008 0.6984128166666661 0.5781516666666645 0.4210615000000001 0.48737349999999974 0.37906233333333333 -0.5790087500000002 -0.45442225000000014 -1.4270876499999992 -0.6780550000000004 -0.31424018750000093 
3 0.1 0 0 0 0 0 0 0 0 0 0 0 -0.5682933333333337 -1.2221342333333354 0.5508625000000008 0.6984128166666661 0.5781516666666645 0.4210615000000001 0.48737349999999974 0.37906233333333333 -0.5790087500000002 -0.45442225000000014 -1.4270876499999992 -0.6780550000000004 -0.31424018750000093 
4 0.1 0 0 0 0 0 0 0 0 0 0 0 -0.754292 -1.2221342333333354 0.5508625000000005 0.3227871666666674 0.5781516666666642 0.6710614999999998 0.5300650000000005 0.5239774999999999 0.5790087500000002 -0.5268525 -1.4270876499999992 -0.5934222500000002 0.3330622083333322 
5 0.1 0 0 0 0 0 0 0 0 0 0 0 -0.5682933333333337 -1.2221342333333356 -0.25912749999999907 0.6984128166666661 -0.13960766666666646 0.6710614999999998 0.48737350000000035 -0.5239774999999999 -0.6546950000000002 -0.5268525 -1.4270876499999994 -0.6780550000000005 -0.34613299999999986 
6 0.1 0 0 0 0 0 0 0 0 0 0 0 -0.4788913333333347 -1.2221342333333354 0.5508625000000008 0.6984128166666661 0.5117483333333336 0.6710614999999998 0.48737350000000107 -0.5239774999999999 -0.654695 -0.49443249999999983 -1.1573776500000004 -0.21696399999999905 0.34613299999999975 
7 0.1 0 0 0 0 0 0 0 0 0 0 0 0.06413666666666473 -0.7759894333333408 0.5508625000000008 0.6984128166666661 0.5117483333333336 0.6710614999999986 0.4873734999999999 -0.5239774999999999 0.654695 0.5268525 -0.4799376499999979 0.11432600000000015 0.3461329999999999 
8 0.1 0 0 0 0 0 0 0 0 0 0 0 -0.4788913333333347 -1.2221342333333354 0.5508625000000008 0.6984128166666661 0.5117483333333336 0.6710614999999998 0.48737350000000107 -0.5239774999999999 -0.654695 -0.49443249999999983 -1.1573776500000004 -0.21696399999999905 0.34613299999999975 
9 0.1 0 0 0 0 0 0 0 0 0 0 0 -0.5682933333333337 -1.2221342333333354 0.5508625000000008 0.6984128166666661 0.5781516666666645 0.4210615000000001 0.48737349999999974 0.37906233333333333 -0.5790087500000002 -0.45442225000000014 -1.4270876499999992 -0.6780550000000004 -0.31424018750000093 
10 0.1 0 0 0 0 0 0 0 0 0 0 0 -0.754292 -1.2221342333333354 0.5508625000000005 0.3227871666666674 0.6047835000000001 0.6592350000000002 -0.3886225000000003 -0.5239774999999998 -0.6546950000000002 -0.734359950000001 -1.4270876499999994 -0.6780550000000005 0.3461329999999999 
