1 0.1 0.21941500000000014 0.15666999999999986 0.0 0.0 0.0 -0.22437549999999995 -0.21482500000000002 -0.3953629375000124 -1.05447325 -1.0547118733938987e-15 0.0 0.42071893560605345 -1.2221342333333354 0.5508625000000003 0.3227871666666674 0.5781516666666642 0.1204655999999833 0.5300650000000005 0.5239774999999999 -0.5790087500000003 -0.45442225000000014 -1.2758838499999994 -0.6780550000000007 -0.3461329999999999 
2 0.1 -0.5544675 -0.15666999999999984 -0.15819500000000064 -0.17545249999999998 -0.20061375000000792 -0.22437549999999978 -0.21482500000000002 -8.881784197001252e-16 0.0 0.0 -0.9987872999999956 -0.5682933333333337 -1.2221342333333354 0.5508625000000019 -0.6984128166666661 0.4716243333333226 -0.4210615 -0.48737349999999974 0.3790623333333334 -0.5790087500000008 -0.45442225000000014 -1.4270876499999992 -0.6780550000000004 -0.31424018750000093 
3 0.1 -0.5544675 -0.15666999999999984 -0.15819500000000064 -0.17545249999999998 -0.20061375000000642 -0.22437549999999976 -0.21482500000000002 -8.881784197001252e-16 0.0 -2.7755575615628914e-17 -0.9987872999999955 -0.5682933333333337 -1.2221342333333354 0.5508625000000019 -0.6984128166666661 0.4716243333333226 -0.4210615 -0.48737349999999974 0.3790623333333334 -0.5790087500000008 -0.45442225000000014 -1.4270876499999992 -0.6780550000000004 -0.31424018750000093 
4 0.1 -0.4435740000000002 -0.15666999999999986 -0.1581950000000001 -0.034794799999999924 -2.0469737016526324e-16 0.23410728835227312 -0.19335624999999973 -0.6185270000000136 -0.2485871306818182 -1.05189875 0.2983359999999753 0.754292 -1.2221342333333354 -0.5508625000000005 -0.3227871666666674 -0.5781516666666642 -0.6710614999999998 -0.5300650000000005 -0.5239774999999999 -0.5790087500000002 -0.5268525 -1.4270876499999992 -0.5934222500000002 -0.3330622083333322 
5 0.1 -2.220446049250313e-16 2.7755575615628914e-17 -0.10885700000000065 -6.938893903907228e-18 8.881784197001252e-16 -0.22437549999999995 -0.19335624999999987 -0.19149977777777716 -1.0544732500000005 -0.26108308333333263 -0.1090406060606055 -0.26510333333333136 -1.2221342333333356 -0.2591274999999963 -0.6984128166666661 -0.5117483333333336 -0.6710614999999998 -0.4873734999999999 -0.5239774999999999 -0.6546950000000002 -0.5268525 -1.4270876499999994 -0.6780550000000005 -0.34613299999999986 
6 0.1 -2.220446049250313e-16 2.7755575615628914e-17 -0.10885700000000065 -6.938893903907228e-18 8.881784197001252e-16 -0.22437549999999995 -0.19335624999999987 -0.19149977777777716 -1.0544732500000005 -0.26108308333333263 -0.1090406060606055 -0.17570133333333243 -1.2221342333333354 0.5508625000000036 -0.6984128166666661 0.13960766666666646 -0.6710614999999998 -0.4873734999999992 -0.5239774999999999 -0.654695 -0.49443249999999983 -1.1573776500000004 -0.21696399999999905 0.34613299999999975 
7 0.1 -2.220446049250313e-16 2.7755575615628914e-17 -0.10885700000000065 -6.938893903907228e-18 0.0 -0.22437549999999995 -0.1933562499999999 -0.19149977777777716 -1.0544732500000005 -0.26108308333333263 -0.1090406060606055 0.367326666666667 -0.7759894333333408 0.5508625000000036 -0.6984128166666661 0.13960766666666646 -0.6710615000000009 -0.48737350000000035 -0.5239774999999999 0.654695 0.5268525 -0.4799376499999979 0.11432600000000015 0.3461330000000001 
8 0.1 -1.6653345369377348e-16 2.7755575615628914e-17 -0.10885700000000065 -6.938893903907228e-18 0.0 -0.22437549999999995 -0.1933562499999999 -0.19149977777777716 -1.0544732500000005 -0.26108308333333263 -0.1090406060606055 -0.17570133333333243 -1.2221342333333354 0.5508625000000036 -0.6984128166666661 0.13960766666666646 -0.6710614999999998 -0.48737349999999896 -0.5239774999999999 -0.654695 -0.49443249999999983 -1.1573776500000004 -0.21696399999999905 0.3461329999999999 
9 0.1 -0.5544675 -0.15666999999999986 -0.15819500000000064 -0.17545249999999998 -0.20061375000000642 -0.22437549999999976 -0.21482500000000002 -8.881784197001252e-16 -3.469446951953614e-18 -2.7755575615628914e-17 -0.9987872999999947 -0.5682933333333337 -1.2221342333333354 0.5508625000000019 -0.6984128166666661 0.4716243333333226 -0.4210615 -0.48737349999999974 0.3790623333333334 -0.5790087500000008 -0.45442225000000014 -1.4270876499999992 -0.6780550000000004 -0.31424018750000093 
10 0.1 -0.21941500000000008 -0.35 -0.1667675 -0.2340125 -0.283530546875 -0.22437549999999995 -0.21482500000000002 -0.20346647727272726 -0.2485871306818182 -0.07009541666666289 0.1212121212121211 0.754292 -0.4315371666666774 0.5508625000000005 0.3227871666666674 0.6047835000000001 -0.6592350000000002 -0.3886225000000003 -0.5239774999999998 -0.6546950000000002 -0.7343599500000011 -1.4270876499999994 -0.6780550000000005 -0.3461329999999999 
