1 0.1 -0.43738000000000077 -0.3660929999999991 -0.15171950000000023 0.0 -0.3804012500000027 0.0 -0.08587499999999555 3.776835937499999 -4.0 1.8181818181818175 -0.6060606060606059 3.7583410643939463 -3.806876933333341 3.624440000000001 -0.4791730000000044 3.6698066666666564 -2.288493099999982 4.0 -0.8950150000000079 0.0 0.0 -3.1806723999999975 -0.33853100000000136 0.6227580000000003
2 0.1 -1.4 0.0 0.0 0.0 0.0 0.0 0.0 3.5404429999999865 0.1 0.0 -3.8831391999999827 4.0 -2.972286933333342 4.0 -1.0569282666666657 3.2938052500000023 0.0 0.0 0.0 0.0 0.0 -3.785487599999997 -0.008060000000001549 1.4481292499999967
3 0.1 -1.4 0.0 0.0 0.0 0.0 0.0 0.0 3.5404429999999865 0.1 0.0 -3.8831391999999827 4.0 -2.972286933333342 4.0 -1.0569282666666657 4.0 0.0 0.0 0.0 0.0 0.0 -3.785487599999996 -0.33853100000000114 1.1550232499999968
4 0.1 -0.7351260000000013 -0.5999599999999989 0.04933799999999988 -0.1391791999999997 0.1 0.9364291534090926 0.0 4.0 -0.9943485227272728 -4.0 3.7016640000000254 3.017168 -3.209402933333343 3.305175000000002 -1.2911486666666696 3.468909999999985 -2.6842459999999986 3.3174400000000026 -1.9030099999999996 0.0 -0.28972099999999923 -3.7854875999999966 0.0 2.6434132499999934
5 0.1 -1.4 0.0 0.0 0.6134930000000001 4.0 0.0 0.0 1.515342666666663 -4.0 -0.8367373333333306 0.0 4.0 -3.2094029333333407 4.0 -1.0569282666666642 4.0 -1.0 0.0 0.25 0.0 0.0 -3.683430599999998 -0.3385310000000021 1.027452000000001
6 0.1 -1.4 0.0 0.0 0.6134930000000001 4.0 0.0 0.0 1.432428666666663 -4.0 -0.8367373333333304 0.0 4.0 -3.143071733333337 4.0 -1.0569282666666642 4.0 -1.0 0.0 0.25 -0.03791999999999989 0.0 -3.683430599999998 -0.30061100000000307 1.027452000000001
7 0.1 -1.4 0.0 0.0 0.6134930000000001 4.0 0.0 0.0 1.432428666666663 -4.0 -0.8367373333333306 0.0 4.0 -3.143071733333337 4.0 -1.056928266666664 4.0 -1.0 0.0 0.25 0.0 0.0 -3.683430599999998 -0.3385310000000019 1.0274520000000011
8 0.1 -1.4 0.0 0.0 0.6134930000000001 4.0 0.0 0.0 1.432428666666663 -4.0 -0.8367373333333304 0.0 4.0 -3.143071733333337 4.0 -1.0569282666666642 4.0 -1.0 0.0 0.25 -0.03791999999999989 0.0 -3.683430599999998 -0.30061100000000307 1.027452000000001
9 0.1 -1.4 0.0 0.0 0.0 0.0 0.0 0.0 3.5404429999999865 0.1 0.0 -3.8831391999999827 4.0 -2.972286933333342 4.0 -1.0569282666666657 4.0 0.0 0.0 0.0 0.0 0.0 -3.785487599999996 -0.33853100000000114 1.1550232499999968
10 0.1 0.0 -1.4 0.0 0.0 0.0805078125 0.0 -0.08587499999999997 0.03903409090909077 -0.009758522727272734 0.0 0.0 4.0 -4.0 4.0 -0.2 4.0 -1.0 0.14673999999999965 0.13768000000000108 -0.03442000000000045 -0.7718098000000023 -3.3855205999999978 0.0 1.2052680000000002
