1 0.1 0.0 0.0 0.0 0.0 0.0 0.0 0.0 3.776835937499999 0.0 1.8181818181818175 0.0 3.7583410643939463 0.0 3.624440000000001 0.0 3.6698066666666564 0.0 4.0 0.0 0.0 0.0 0.0 0.0 0.6227580000000003
2 0.1 0.0 0.0 0.0 0.0 0.0 0.0 0.0 3.5404429999999865 0.1 0.0 0.0 4.0 0.0 4.0 0.0 3.2938052500000023 0.0 0.0 0.0 0.0 0.0 0.0 0.0 1.4481292499999967
3 0.1 0.0 0.0 0.0 0.0 0.0 0.0 0.0 3.5404429999999865 0.1 0.0 0.0 4.0 0.0 4.0 0.0 4.0 0.0 0.0 0.0 0.0 0.0 0.0 0.0 1.1550232499999968
4 0.1 0.0 0.0 0.04933799999999988 0.0 0.1 0.9364291534090926 0.0 4.0 0.0 0.0 3.7016640000000254 3.017168 0.0 3.305175000000002 0.0 3.468909999999985 0.0 3.3174400000000026 0.0 0.0 0.0 0.0 0.0 2.6434132499999934
5 0.1 0.0 0.0 0.0 0.6134930000000001 4.0 0.0 0.0 1.515342666666663 0.0 0.0 0.0 4.0 0.0 4.0 0.0 4.0 0.0 0.0 0.25 0.0 0.0 0.0 0.0 1.027452000000001
6 0.1 0.0 0.0 0.0 0.6134930000000001 4.0 0.0 0.0 1.432428666666663 0.0 0.0 0.0 4.0 0.0 4.0 0.0 4.0 0.0 0.0 0.25 0.0 0.0 0.0 0.0 1.027452000000001
7 0.1 0.0 0.0 0.0 0.6134930000000001 4.0 0.0 0.0 1.432428666666663 0.0 0.0 0.0 4.0 0.0 4.0 0.0 4.0 0.0 0.0 0.25 0.0 0.0 0.0 0.0 1.0274520000000011
8 0.1 0.0 0.0 0.0 0.6134930000000001 4.0 0.0 0.0 1.432428666666663 0.0 0.0 0.0 4.0 0.0 4.0 0.0 4.0 0.0 0.0 0.25 0.0 0.0 0.0 0.0 1.027452000000001
9 0.1 0.0 0.0 0.0 0.0 0.0 0.0 0.0 3.5404429999999865 0.1 0.0 0.0 4.0 0.0 4.0 0.0 4.0 0.0 0.0 0.0 0.0 0.0 0.0 0.0 1.1550232499999968
10 0.1 0.0 0.0 0.0 0.0 0.0805078125 0.0 0.0 0.03903409090909077 0.0 0.0 0.0 4.0 0.0 4.0 0.0 4.0 0.0 0.14673999999999965 0.13768000000000108 0.0 0.0 0.0 0.0 1.2052680000000002
