1 0.1 0.43738000000000077 0.3660929999999991 0.15171950000000023 0.0 0.3804012500000027 0.0 0.08587499999999555 0.0 4.0 0.0 0.6060606060606059 0.0 3.806876933333341 0.0 0.4791730000000044 0.0 2.288493099999982 0.0 0.8950150000000079 0.0 0.0 3.1806723999999975 0.33853100000000136 0.0
2 0.1 1.4 0.0 0.0 0.0 0.0 0.0 0.0 0.0 0.0 0.0 3.8831391999999827 0.0 2.972286933333342 0.0 1.0569282666666657 0.0 0.0 0.0 0.0 0.0 0.0 3.785487599999997 0.008060000000001549 0.0
3 0.1 1.4 0.0 0.0 0.0 0.0 0.0 0.0 0.0 0.0 0.0 3.8831391999999827 0.0 2.972286933333342 0.0 1.0569282666666657 0.0 0.0 0.0 0.0 0.0 0.0 3.785487599999996 0.33853100000000114 0.0
4 0.1 0.7351260000000013 0.5999599999999989 0.0 0.1391791999999997 0.0 0.0 0.0 0.0 0.9943485227272728 4.0 0.0 0.0 3.209402933333343 0.0 1.2911486666666696 0.0 2.6842459999999986 0.0 1.9030099999999996 0.0 0.28972099999999923 3.7854875999999966 0.0 0.0
5 0.1 1.4 0.0 0.0 0.0 0.0 0.0 0.0 0.0 4.0 0.8367373333333306 0.0 0.0 3.2094029333333407 0.0 1.0569282666666642 0.0 1.0 0.0 0.0 0.0 0.0 3.683430599999998 0.3385310000000021 0.0
6 0.1 1.4 0.0 0.0 0.0 0.0 0.0 0.0 0.0 4.0 0.8367373333333304 0.0 0.0 3.143071733333337 0.0 1.0569282666666642 0.0 1.0 0.0 0.0 0.03791999999999989 0.0 3.683430599999998 0.30061100000000307 0.0
7 0.1 1.4 0.0 0.0 0.0 0.0 0.0 0.0 0.0 4.0 0.8367373333333306 0.0 0.0 3.143071733333337 0.0 1.056928266666664 0.0 1.0 0.0 0.0 0.0 0.0 3.683430599999998 0.3385310000000019 0.0
8 0.1 1.4 0.0 0.0 0.0 0.0 0.0 0.0 0.0 4.0 0.8367373333333304 0.0 0.0 3.143071733333337 0.0 1.0569282666666642 0.0 1.0 0.0 0.0 0.03791999999999989 0.0 3.683430599999998 0.30061100000000307 0.0
9 0.1 1.4 0.0 0.0 0.0 0.0 0.0 0.0 0.0 0.0 0.0 3.8831391999999827 0.0 2.972286933333342 0.0 1.0569282666666657 0.0 0.0 0.0 0.0 0.0 0.0 3.785487599999996 0.33853100000000114 0.0
10 0.1 0.0 1.4 0.0 0.0 0.0 0.0 0.08587499999999997 0.0 0.009758522727272734 0.0 0.0 0.0 4.0 0.0 0.2 0.0 1.0 0.0 0.0 0.03442000000000045 0.7718098000000023 3.3855205999999978 0.0 0.0
