1 0.1 0.4 0.3453274999999999 0.299565875 0.2806009374999999 0.2806009374999999 0.2330507812499996 0.2330507812499996 0.22231640625000015 0.6 0.1 0.2818181818181818 0.20606060606060608 0.5818947125000007 0.10603509583333309 0.46847909583333325 0.4085824708333327 0.7755631374999984 0.48950150000000064 0.8895015000000008 0.7776246249999998 0.7776246249999998 0.7776246249999998 0.38004057500000016 0.3377242 0.4
2 0.1 0.4 0.225 0.225 0.225 0.225 0.225 0.225 0.22499999999999998 0.5790442999999986 0.5890442999999984 0.5890442999999984 0.10365190000000055 0.5036519000000008 0.13211603333333305 0.5321160333333332 0.4 0.7293805250000003 0.7293805250000003 0.7293805250000003 0.7293805250000003 0.7293805250000003 0.7293805250000003 0.2561945750000006 0.2551870750000004 0.4
3 0.1 0.4 0.225 0.225 0.225 0.225 0.225 0.225 0.22499999999999998 0.5790442999999986 0.5890442999999984 0.5890442999999984 0.10365190000000055 0.5036519000000008 0.13211603333333305 0.5321160333333332 0.4 0.8 0.8 0.8 0.8 0.8 0.8 0.32681405000000047 0.28449767500000034 0.4
4 0.1 0.4 0.3081092499999999 0.23311425 0.23804804999999998 0.22065065 0.23065064999999976 0.32429356534090903 0.32429356534090903 0.724293565340909 0.6 0.1 0.47016640000000254 0.7718832000000025 0.3707078333333347 0.7012253333333349 0.5398317500000012 0.8867227499999997 0.5511919999999998 0.882936 0.6450597500000002 0.6450597500000002 0.6088446250000003 0.13565867500000067 0.13565867500000067 0.4
5 0.1 0.4 0.225 0.225 0.22500000000000003 0.28634930000000003 0.6863493000000002 0.6863493000000002 0.6863493000000003 0.8378835666666666 0.33788356666666647 0.23329140000000015 0.23329140000000015 0.6332914000000003 0.23211603333333267 0.6321160333333327 0.5 0.9 0.775 0.775 0.8 0.8 0.8 0.33957117500000017 0.29725479999999993 0.4
6 0.1 0.4 0.22499999999999992 0.22499999999999992 0.22499999999999992 0.28634930000000003 0.6863493000000002 0.6863493000000002 0.6863493000000002 0.8295921666666665 0.32959216666666624 0.22499999999999992 0.22499999999999992 0.625 0.23211603333333283 0.6321160333333329 0.5 0.9 0.775 0.775 0.8 0.7952600000000001 0.7952600000000001 0.3348311750000003 0.29725479999999993 0.4
7 0.1 0.4 0.225 0.225 0.22500000000000003 0.28634930000000003 0.6863493000000002 0.6863493000000002 0.6863493000000002 0.8295921666666665 0.32959216666666635 0.225 0.225 0.6250000000000001 0.23211603333333297 0.632116033333333 0.5 0.9 0.7750000000000004 0.7750000000000004 0.8 0.8 0.8 0.33957117500000017 0.29725479999999993 0.4
8 0.1 0.4 0.22499999999999992 0.22499999999999992 0.22499999999999992 0.28634930000000003 0.6863493000000002 0.6863493000000002 0.6863493000000002 0.8295921666666665 0.32959216666666624 0.22499999999999992 0.22499999999999992 0.625 0.23211603333333283 0.6321160333333329 0.5 0.9 0.775 0.775 0.8 0.7952600000000001 0.7952600000000001 0.3348311750000003 0.29725479999999993 0.4
9 0.1 0.4 0.225 0.225 0.225 0.225 0.225 0.225 0.22499999999999998 0.5790442999999986 0.5890442999999984 0.5890442999999984 0.10365190000000055 0.5036519000000008 0.13211603333333305 0.5321160333333332 0.4 0.8 0.8 0.8 0.8 0.8 0.8 0.32681405000000047 0.28449767500000034 0.4
10 0.1 0.4 0.4 0.225 0.225 0.225 0.23305078125 0.23305078125 0.22231640625000001 0.2262198153409091 0.225 0.225 0.22499999999999998 0.6250000000000001 0.12500000000000014 0.5250000000000004 0.5 0.9 0.7749999999999999 0.789674 0.8034420000000001 0.7991395 0.7026632749999997 0.2794732 0.2794732 0.4
