1 0.1 0.0 0.0 0.0 0.0 0.0 0.5538420000000004 0.7734250000000044 0.0 0.21789300000000006 0.0 0.0 0.0 0.0 0.0 0.0 0.0 0.0 0.0 0.0 0.12124500000000007 0.46270900000000015 0.5280030000000001 0.45226900000000014 0.0
2 0.1 0.013589999999999883 0.0 0.0 0.0 0.1137750000000001 0.0653619999999992 0.0 0.0 0.0 0.2075949999999997 0.0 0.0 0.0 0.0 0.4773430000000004 0.7608412500000026 1.684246 1.652793999999999 1.0498240000000005 0.5151250000000004 0.0 0.0 0.0 0.0
3 0.1 0.013589999999999883 0.0 0.0 0.0 0.1137750000000001 0.0653619999999992 0.0 0.0 0.0 0.2075949999999997 0.0 0.0 0.0 0.0 0.0 0.0 0.0 0.0 0.0 0.0 0.0 0.0 0.0 0.0
4 0.1 0.0 0.0 0.682118 0.0 0.0 0.0 0.773424999999999 0.0 0.0 0.20759500000000006 0.0 0.0 1.6791339999999986 0.0 0.0 0.0 0.0 0.0 0.0 2.214715000000001 1.8176890000000006 1.922863000000001 1.9960590000000007 0.0
5 0.1 0.1847699999999999 0.13905700000000015 0.3688679999999999 0.39517699999999967 0.39181500000000025 0.0 0.0 0.0 0.0 0.0 0.0 0.0 0.756114 0.0 0.8484530000000003 0.0 0.4869359999999999 0.288244 0.0 0.0 0.0 0.0 0.07291900000000019 0.1857140000000004
6 0.1 0.0 0.0 0.0 0.0 0.0 0.0 0.0 0.1332500000000001 0.2178929999999999 0.09797500000000008 0.0 0.0 0.0 0.0 0.0 0.0 0.0 0.0 0.0 0.0 0.0 0.0 0.0 0.0
7 0.1 0.1847699999999999 0.13905700000000012 0.3688679999999999 0.39517699999999967 0.39181500000000025 0.6580420000000002 0.6423250000000001 0.0 0.06567300000000076 0.026315000000000012 0.0 0.0 0.0 0.0 0.0 0.0 0.0 0.0 0.0 0.0 0.0 0.0 0.0 0.0
8 0.1 0.0 0.0 0.0 0.0 0.0 0.0 0.0 0.1332500000000001 0.2178929999999999 0.09797500000000008 0.0 0.0 0.0 0.0 0.0 0.0 0.0 0.0 0.0 0.0 0.0 0.0 0.0 0.0
9 0.1 0.013589999999999883 0.0 0.0 0.0 0.1137750000000001 0.0653619999999992 0.0 0.0 0.0 0.2075949999999997 0.0 0.0 0.0 0.5789300000000001 0.6944430000000001 0.6864660000000011 0.9449360000000002 1.3771039999999999 1.639284 1.5198350000000014 1.4949790000000003 1.1990530000000001 0.714489 0.33005400000000057
10 0.1 0.0 0.0 0.0 0.0 0.0 0.029312000000000234 0.0763250000000001 0.0 0.0 0.0 0.0 0.0 0.0 0.0 0.0 0.0 0.0 0.0 0.0 0.0 0.0 0.0 0.0 0.0
