1 0.1 0.0 0.42824299999999993 0.6851720000000001 0.1052074999999999 0.0 0.0 0.0 0.0 0.0 0.0 0.0 0.0 0.0 0.0 0.0 0.0 0.0 0.0 0.0 0.0 0.0 0.0 0.0 0.0
2 0.1 0.0 0.0 0.0 0.0 0.0 0.0 0.0 0.0 0.0 0.0 0.0 0.0 0.0 0.1434800000000003 0.0 0.0 0.0 0.0 0.0 0.0 0.12478100000000006 0.49374700000000005 0.0 0.0
3 0.1 0.0 0.0 0.0 0.0 0.0 0.0 0.0 0.0 0.0 0.0 0.0 0.0 0.0 0.20640000000000042 0.5851269999999998 1.2290740000000002 1.5702340000000006 1.6828660000000009 1.7010960000000006 1.342695 0.8751610000000001 0.8614069999999998 0.7763309999999999 0.019175999999999863
4 0.1 0.0 0.0 0.0 0.0 0.0 0.0 0.0 0.0 0.0 0.0 0.0 0.0 0.0 0.0 0.0 0.0 0.0 0.0 0.0 0.0 0.0 0.0 0.0 0.0
5 0.1 0.0 0.0 0.0 0.0 0.0 1.2821079999999998 1.228665 1.383496 0.8242269999999999 0.23251500000000005 0.0 0.0 0.0 0.0 0.0 0.0 0.0 0.0 0.0 0.08918999999999944 0.0 0.0 0.0 0.0
6 0.1 0.03399000000000008 0.4063730000000001 0.4488720000000005 0.5992030000000004 0.7290650000000001 0.5263380000000005 0.38960499999999987 0.0 0.0 0.0 0.3288 0.7687580000000003 0.7335047999999958 1.1485899999999996 1.260787 1.2193340000000013 0.9968039999999989 0.7456659999999998 0.36593 0.0 0.0 0.0 0.0 0.0
7 0.1 0.0 0.0 0.0 0.0 0.0 0.0 0.0 0.0 0.0 0.0 0.17215000000000003 0.0 0.0 0.7138100000000002 0.7666069999999996 0.7792039999999998 1.7807940000000002 2.2744060000000004 2.11779 0.22618000000000027 0.15006500000000056 0.0 0.0 0.120509999999999
8 0.1 0.03399000000000008 0.4063730000000001 0.4488720000000005 0.5992030000000003 0.7290650000000001 0.5263380000000005 0.38960499999999987 0.0 0.0 0.0 0.3288 0.7687580000000003 0.7335047999999958 1.1485899999999996 1.260787 1.2193340000000013 0.9968039999999989 0.7456659999999998 0.36593 0.0 0.0 0.0 0.0 0.0
9 0.1 0.0 0.0 0.0 0.0 0.0 0.0 0.0 0.0 0.0 0.0 0.0 0.0 0.0 0.0 0.0 0.0 0.0 0.0 0.0 0.0 0.0 0.0 0.0 0.0
10 0.1 0.0 0.0 0.0 0.0 0.0 0.0 0.0 0.0 0.0 0.0 0.6096172727272733 0.7446979999999997 0.2092260000000002 0.20015999999999995 0.16282699999999986 0.16244400000000006 0.0 0.0 0.0 0.0 0.0 0.0 0.0 0.0
